x:
0.015686 0.900986 0.901591 0.774985 0.773124 0.000348 0.667206 0.700000 0.000000 0.000000
0.078431 0.380214 0.389995 0.966336 0.966336 0.000348 0.667206 0.500000 0.000000 0.000000
0.082353 0.381329 0.391598 0.966336 0.966336 0.000348 0.667206 0.500000 0.000000 0.000000
0.105882 0.388014 0.401218 0.966336 0.966336 0.000348 0.667206 0.500000 0.000000 0.000000
0.156863 0.402500 0.422062 0.966336 0.966336 0.000348 0.667206 0.500000 0.000000 0.000000
0.176471 0.408071 0.430078 0.966336 0.966336 0.000348 0.667206 0.500000 0.000000 0.000000
0.196078 0.156030 0.175813 0.826514 0.840887 0.000348 0.667206 0.400000 0.000000 0.000000
0.196078 0.916826 0.924382 0.726236 0.702981 0.000348 0.667206 0.700000 0.000000 0.000000
0.200000 0.156932 0.177110 0.827169 0.841829 0.000348 0.667206 0.400000 0.000000 0.000000
0.317647 0.927500 0.939742 0.693384 0.655708 0.000348 0.667206 0.700000 0.000000 0.000000
0.333333 0.187582 0.221214 0.849438 0.873873 0.000348 0.667206 0.400000 0.000000 0.000000
0.376471 0.932665 0.947174 0.677488 0.632833 0.000348 0.667206 0.700000 0.000000 0.000000
0.380392 0.933009 0.947670 0.676428 0.631308 0.000348 0.667206 0.700000 0.000000 0.000000
0.396078 0.202006 0.241970 0.859917 0.888953 0.000348 0.667206 0.400000 0.000000 0.000000
0.431373 0.480500 0.534302 0.966336 0.966336 0.000348 0.667206 0.500000 0.000000 0.000000
0.435294 0.050807 0.067584 0.626620 0.678254 0.000348 0.667206 0.300000 0.000000 0.000000
0.576471 0.243474 0.301649 0.890045 0.932312 0.000348 0.667206 0.400000 0.000000 0.000000
0.580392 0.244375 0.302947 0.890700 0.933255 0.000348 0.667206 0.400000 0.000000 0.000000
0.592157 0.247079 0.306839 0.892665 0.936083 0.000348 0.667206 0.400000 0.000000 0.000000
0.596078 0.064925 0.087902 0.670070 0.740787 0.000348 0.667206 0.300000 0.000000 0.000000
0.674510 0.071811 0.097814 0.691264 0.771294 0.000348 0.667206 0.300000 0.000000 0.000000
0.678431 0.072156 0.098310 0.692324 0.772819 0.000348 0.667206 0.300000 0.000000 0.000000
0.682353 0.072500 0.098806 0.693384 0.774345 0.000348 0.667206 0.300000 0.000000 0.000000
0.682353 0.551814 0.636941 0.966336 0.966336 0.000348 0.667206 0.500000 0.000000 0.000000
0.733333 0.963999 0.987692 0.581051 0.508132 0.000348 0.559176 0.700000 0.000000 0.000000
0.121569 0.120305 0.116205 0.722300 0.709684 0.000348 0.667206 0.300000 0.090909 0.000000
0.133333 0.936941 0.932445 0.546117 0.559954 0.000348 0.667206 0.700000 0.090909 0.000000
0.207843 0.811399 0.793051 0.805025 0.818356 0.000348 0.667206 0.600000 0.090909 0.000000
0.254902 0.110061 0.101465 0.690772 0.664319 0.000348 0.667206 0.300000 0.090909 0.000000
0.325490 0.922177 0.911202 0.591553 0.625334 0.000348 0.667206 0.700000 0.090909 0.000000
0.356863 0.919767 0.907733 0.598972 0.636009 0.000348 0.667206 0.700000 0.090909 0.000000
0.427451 0.518037 0.471389 0.929806 0.929806 0.000348 0.667206 0.500000 0.090909 0.000000
0.494118 0.909222 0.892558 0.631427 0.682714 0.000348 0.667206 0.700000 0.090909 0.000000
0.517647 0.243817 0.198110 0.845142 0.811934 0.000348 0.667206 0.400000 0.090909 0.000000
0.525490 0.242239 0.195840 0.843995 0.810284 0.000348 0.667206 0.400000 0.090909 0.000000
0.650980 0.462462 0.391404 0.929806 0.929806 0.000348 0.667206 0.500000 0.090909 0.000000
0.654902 0.461488 0.390000 0.929806 0.929806 0.000348 0.667206 0.500000 0.090909 0.000000
0.007843 0.075857 0.076284 0.713037 0.713572 0.021864 0.779657 0.357143 0.181818 0.000000
0.011765 0.076343 0.076983 0.713647 0.714450 0.021864 0.779657 0.357143 0.181818 0.000000
0.184314 0.823961 0.833993 0.838662 0.826082 0.021864 0.779657 0.642857 0.181818 0.000000
0.278431 0.661805 0.683704 0.937563 0.927017 0.021864 0.779657 0.571429 0.181818 0.000000
0.282353 0.662508 0.684716 0.937224 0.926530 0.021864 0.779657 0.571429 0.181818 0.000000
0.286275 0.663211 0.685727 0.936886 0.926043 0.021864 0.779657 0.571429 0.181818 0.000000
0.290196 0.663913 0.686738 0.936547 0.925556 0.021864 0.779657 0.571429 0.181818 0.000000
0.294118 0.111358 0.127367 0.757554 0.777629 0.021864 0.779657 0.357143 0.181818 0.000000
0.301961 0.666022 0.689772 0.935532 0.924095 0.021864 0.779657 0.571429 0.181818 0.000000
0.305882 0.666724 0.690783 0.935194 0.923608 0.021864 0.779657 0.571429 0.181818 0.000000
0.329412 0.670941 0.696851 0.933163 0.920686 0.021864 0.779657 0.571429 0.181818 0.000000
0.403922 0.124975 0.146962 0.774630 0.802200 0.021864 0.779657 0.357143 0.181818 0.000000
0.533333 0.141024 0.170058 0.794754 0.831162 0.021864 0.779657 0.357143 0.181818 0.000000
0.537255 0.141510 0.170758 0.795364 0.832040 0.021864 0.779657 0.357143 0.181818 0.000000
0.698039 0.333978 0.388658 0.935532 0.961865 0.021864 0.776300 0.428571 0.181818 0.000000
0.019608 0.182853 0.181786 0.875129 0.873791 0.021864 0.779657 0.357143 0.272727 0.000000
0.129412 0.775475 0.765297 0.902146 0.907047 0.021864 0.779657 0.571429 0.272727 0.000000
0.172549 0.163886 0.154495 0.851346 0.839570 0.021864 0.779657 0.357143 0.272727 0.000000
0.388235 0.137139 0.116006 0.817806 0.791306 0.021864 0.779657 0.357143 0.272727 0.000000
0.392157 0.136652 0.115306 0.817196 0.790428 0.021864 0.779657 0.357143 0.272727 0.000000
0.396078 0.136166 0.114606 0.816586 0.789551 0.021864 0.779657 0.357143 0.272727 0.000000
0.400000 0.135680 0.113906 0.815976 0.788673 0.021864 0.779657 0.357143 0.272727 0.000000
0.466667 0.296909 0.260199 0.937004 0.919326 0.021864 0.779657 0.428571 0.272727 0.000000
0.619608 0.108446 0.074711 0.781826 0.739524 0.021864 0.779657 0.357143 0.272727 0.000000
0.623529 0.107959 0.074011 0.781216 0.738647 0.021864 0.779657 0.357143 0.272727 0.000000
0.631373 0.106987 0.072611 0.779996 0.736891 0.021864 0.779657 0.357143 0.272727 0.000000
0.635294 0.106500 0.071911 0.779386 0.736013 0.021864 0.779657 0.357143 0.272727 0.000000
0.647059 0.105041 0.069811 0.777557 0.733380 0.021864 0.779657 0.357143 0.272727 0.000000
0.650980 0.104555 0.069111 0.776947 0.732502 0.021864 0.779657 0.357143 0.272727 0.000000
0.094118 0.200967 0.205162 0.772645 0.776166 0.024428 0.950619 0.388889 0.363636 0.000000
0.098039 0.201365 0.205735 0.772979 0.776647 0.024428 0.950619 0.388889 0.363636 0.000000
0.172549 0.130950 0.135971 0.662934 0.671630 0.024428 0.950619 0.333333 0.363636 0.000000
0.176471 0.131210 0.136345 0.663384 0.672278 0.024428 0.950619 0.333333 0.363636 0.000000
0.411765 0.841490 0.853473 0.710669 0.689914 0.024428 0.950619 0.666667 0.363636 0.000000
0.415686 0.841750 0.853847 0.710219 0.689266 0.024428 0.950619 0.666667 0.363636 0.000000
0.529412 0.366490 0.395448 0.878220 0.888759 0.024428 0.950619 0.444444 0.363636 0.000000
0.560784 0.851370 0.867692 0.693556 0.665286 0.024428 0.950619 0.666667 0.363636 0.000000
0.231373 0.262021 0.251706 0.839027 0.830372 0.024428 0.950619 0.388889 0.454545 0.000000
0.278431 0.872081 0.863979 0.680896 0.694929 0.024428 0.950619 0.666667 0.454545 0.000000
0.282353 0.528860 0.512427 0.912680 0.912680 0.024428 0.950619 0.500000 0.454545 0.000000
0.294118 0.527300 0.510183 0.912680 0.912680 0.024428 0.950619 0.500000 0.454545 0.000000
0.298039 0.384020 0.367721 0.896952 0.891019 0.024428 0.950619 0.444444 0.454545 0.000000
0.301961 0.383531 0.367017 0.896774 0.890763 0.024428 0.950619 0.444444 0.454545 0.000000
0.356863 0.866881 0.856496 0.689903 0.707890 0.024428 0.950619 0.666667 0.454545 0.000000
0.623529 0.222187 0.194380 0.805602 0.782270 0.024428 0.950619 0.388889 0.454545 0.000000
0.662745 0.748734 0.719178 0.830003 0.854804 0.024428 0.950619 0.611111 0.454545 0.000000
0.745098 0.126359 0.109249 0.678194 0.648559 0.024428 0.755005 0.333333 0.454545 0.000000
0.749020 0.126099 0.109249 0.677744 0.648559 0.024428 0.740133 0.333333 0.454545 0.000000
0.862745 0.833341 0.824031 0.747996 0.764121 0.024428 0.367687 0.666667 0.454545 0.000000
0.866667 0.313167 0.296159 0.871163 0.864973 0.024428 0.356589 0.444444 0.454545 0.000000
0.871508 0.903857 0.096143 0.781273 0.781273 0.776795 0.776795 0.500000 0.545455 0.074074
0.872626 0.903857 0.096143 0.781273 0.781273 0.778333 0.778333 0.500000 0.545455 0.074074
0.874860 0.903857 0.096143 0.781273 0.781273 0.781410 0.781410 0.500000 0.545455 0.263889
0.875978 0.903857 0.096143 0.781273 0.781273 0.782949 0.782949 0.500000 0.545455 0.400463
0.958659 0.903857 0.096143 0.781273 0.781273 0.914160 0.914160 0.500000 0.545455 0.517434
0.960894 0.903857 0.096143 0.781273 0.781273 0.918083 0.918083 0.500000 0.545455 0.590681
0.962011 0.903857 0.096143 0.781273 0.781273 0.920045 0.920045 0.500000 0.545455 0.545518
0.963129 0.903857 0.096143 0.781273 0.781273 0.922006 0.922006 0.500000 0.545455 0.481456
0.964246 0.903857 0.096143 0.781273 0.781273 0.923968 0.923968 0.500000 0.545455 0.754790
0.045383 0.849125 0.849125 0.786758 0.786758 0.105310 0.992690 0.500000 0.636364 0.055556
0.046948 0.848257 0.848257 0.787812 0.787812 0.105310 0.992690 0.500000 0.636364 0.055556
0.048513 0.847385 0.847385 0.788863 0.788863 0.105310 0.992690 0.500000 0.636364 0.055556
0.050078 0.846511 0.846511 0.789911 0.789911 0.105310 0.992690 0.500000 0.636364 0.055556
0.051643 0.845633 0.845633 0.790957 0.790957 0.105310 0.992690 0.500000 0.636364 0.055556
0.053208 0.844752 0.844752 0.792000 0.792000 0.105310 0.992690 0.500000 0.636364 0.196759
0.054773 0.843868 0.843868 0.793041 0.793041 0.105310 0.992690 0.500000 0.636364 0.194444
0.056338 0.842981 0.842981 0.794079 0.794079 0.105310 0.992690 0.500000 0.636364 0.222222
0.059468 0.841197 0.841197 0.796147 0.796147 0.105310 0.992690 0.500000 0.636364 0.370370
0.061033 0.840301 0.840301 0.797176 0.797176 0.105310 0.992690 0.500000 0.636364 0.273148
0.062598 0.839401 0.839401 0.798203 0.798203 0.105310 0.992690 0.500000 0.636364 0.296296
0.064163 0.838498 0.838498 0.799228 0.799228 0.105310 0.992690 0.500000 0.636364 0.319444
0.068858 0.835771 0.835771 0.802284 0.802284 0.105310 0.992690 0.500000 0.636364 0.340278
0.136150 0.793769 0.793769 0.843246 0.843246 0.105310 0.992690 0.500000 0.636364 0.259259
0.137715 0.792730 0.792730 0.844133 0.844133 0.105310 0.992690 0.500000 0.636364 0.594907
0.139280 0.791689 0.791689 0.845016 0.845016 0.105310 0.992690 0.500000 0.636364 0.981481
0.439750 0.554800 0.554800 0.948459 0.948459 0.105310 0.992690 0.500000 0.636364 0.981481
0.945227 0.159224 0.159224 0.796631 0.796631 0.105310 0.992690 0.500000 0.636364 0.488694
0.946792 0.158329 0.158329 0.795600 0.795600 0.105310 0.992690 0.500000 0.636364 0.521657
0.948357 0.157437 0.157437 0.794566 0.794566 0.105310 0.992690 0.500000 0.636364 0.477154
0.949922 0.156549 0.156549 0.793529 0.793529 0.105310 0.992690 0.500000 0.636364 0.623075
0.079812 0.861406 0.861406 0.835991 0.835991 0.055500 1.057738 0.500000 0.727273 0.074074
0.081377 0.860381 0.860381 0.837089 0.837089 0.055500 1.057738 0.500000 0.727273 0.074074
0.098592 0.848899 0.848899 0.848961 0.848961 0.055500 1.057738 0.500000 0.727273 0.379630
0.624413 0.384086 0.384086 0.979654 0.979654 0.055500 1.057738 0.500000 0.727273 0.018519
0.625978 0.382627 0.382627 0.979299 0.979299 0.055500 1.057738 0.500000 0.727273 0.018519
0.641628 0.368099 0.368099 0.975506 0.975506 0.055500 1.057738 0.500000 0.727273 0.018519
0.643192 0.366653 0.366653 0.975102 0.975102 0.055500 1.057738 0.500000 0.727273 0.018519
0.718310 0.298925 0.298925 0.950636 0.950636 0.055500 1.057738 0.500000 0.727273 0.018519
0.949922 0.122819 0.122819 0.818180 0.818180 0.055500 1.057738 0.500000 0.727273 0.659443
0.951487 0.121853 0.121853 0.817031 0.817031 0.055500 1.057738 0.500000 0.727273 0.644435
0.953052 0.120890 0.120890 0.815878 0.815878 0.055500 1.057738 0.500000 0.727273 0.319263
0.954617 0.119930 0.119930 0.814723 0.814723 0.055500 1.057738 0.500000 0.727273 0.456697
0.599218 0.848378 0.151622 0.732427 0.732427 0.534696 0.534696 0.500000 0.818182 0.018519
0.670577 0.848378 0.151622 0.732427 0.732427 0.588652 0.588652 0.500000 0.818182 0.944444
0.671554 0.848378 0.151622 0.732427 0.732427 0.589391 0.589391 0.500000 0.818182 0.944444
0.672532 0.848378 0.151622 0.732427 0.732427 0.590130 0.590130 0.500000 0.818182 0.944444
0.673509 0.848378 0.151622 0.732427 0.732427 0.590870 0.590870 0.500000 0.818182 0.944444
0.674487 0.848378 0.151622 0.732427 0.732427 0.591609 0.591609 0.500000 0.818182 0.944444
0.675464 0.848378 0.151622 0.732427 0.732427 0.592348 0.592348 0.500000 0.818182 0.944444
0.676442 0.848378 0.151622 0.732427 0.732427 0.593087 0.593087 0.500000 0.818182 0.944444
0.677419 0.848378 0.151622 0.732427 0.732427 0.593826 0.593826 0.500000 0.818182 0.944444
0.678397 0.848378 0.151622 0.732427 0.732427 0.594565 0.594565 0.500000 0.818182 0.944444
0.679374 0.848378 0.151622 0.732427 0.732427 0.595304 0.595304 0.500000 0.818182 0.944444
0.680352 0.848378 0.151622 0.732427 0.732427 0.596043 0.596043 0.500000 0.818182 0.944444
0.681329 0.848378 0.151622 0.732427 0.732427 0.596783 0.596783 0.500000 0.818182 0.944444
0.711632 0.848378 0.151622 0.732427 0.732427 0.619696 0.619696 0.500000 0.818182 0.182870
0.729228 0.848378 0.151622 0.732427 0.732427 0.633457 0.633457 0.500000 0.818182 0.212963
0.915934 0.848378 0.151622 0.732427 0.732427 0.831848 0.831848 0.500000 0.818182 0.018519
0.916911 0.848378 0.151622 0.732427 0.732427 0.833239 0.833239 0.500000 0.818182 0.018519
0.917889 0.848378 0.151622 0.732427 0.732427 0.834630 0.834630 0.500000 0.818182 0.018519
0.918866 0.848378 0.151622 0.732427 0.732427 0.836022 0.836022 0.500000 0.818182 0.435185
0.919844 0.848378 0.151622 0.732427 0.732427 0.837413 0.837413 0.500000 0.818182 0.437500
0.031291 0.860938 0.860938 0.771089 0.771089 0.005217 0.972283 0.500000 0.909091 0.532407
0.157757 0.783030 0.783030 0.851653 0.851653 0.005217 0.972283 0.500000 0.909091 0.282407
0.168188 0.775752 0.775752 0.857389 0.857389 0.005217 0.972283 0.500000 0.909091 0.037037
0.169492 0.774834 0.774834 0.858095 0.858095 0.005217 0.972283 0.500000 0.909091 0.229167
0.170795 0.773914 0.773914 0.858799 0.858799 0.005217 0.972283 0.500000 0.909091 0.296296
0.172099 0.772993 0.772993 0.859501 0.859501 0.005217 0.972283 0.500000 0.909091 0.252315
0.302477 0.672810 0.672810 0.917016 0.917016 0.005217 0.972283 0.500000 0.909091 0.037037
0.303781 0.671739 0.671739 0.917459 0.917459 0.005217 0.972283 0.500000 0.909091 0.037037
0.460235 0.537132 0.537132 0.949875 0.949875 0.005217 0.972283 0.500000 0.909091 0.962963
0.574967 0.435459 0.435459 0.946767 0.946767 0.005217 0.972283 0.500000 0.909091 0.238426
0.577575 0.433167 0.433167 0.946429 0.946429 0.005217 0.972283 0.500000 0.909091 0.238426
0.589309 0.422875 0.422875 0.944767 0.944767 0.005217 0.972283 0.500000 0.909091 0.238426
0.636245 0.382175 0.382175 0.935756 0.935756 0.005217 0.972283 0.500000 0.909091 0.212963
0.659713 0.362180 0.362180 0.929850 0.929850 0.005217 0.972283 0.500000 0.909091 0.240741
0.662321 0.359975 0.359975 0.929137 0.929137 0.005217 0.972283 0.500000 0.909091 0.250000
0.826597 0.230882 0.230882 0.862410 0.862410 0.005217 0.972283 0.500000 0.909091 0.613426
0.847458 0.216233 0.216233 0.851058 0.851058 0.005217 0.972283 0.500000 0.909091 0.587963
0.930900 0.162654 0.162654 0.799940 0.799940 0.005217 0.972283 0.500000 0.909091 0.233796
0.933507 0.161119 0.161119 0.798204 0.798204 0.005217 0.972283 0.500000 0.909091 0.229167
0.524761 0.904977 0.095023 0.765070 0.765070 0.475163 0.475163 0.500000 1.000000 0.037037
0.525630 0.904977 0.095023 0.765070 0.765070 0.475880 0.475880 0.500000 1.000000 0.037037
0.526499 0.904977 0.095023 0.765070 0.765070 0.476598 0.476598 0.500000 1.000000 0.037037
0.527368 0.904977 0.095023 0.765070 0.765070 0.477315 0.477315 0.500000 1.000000 0.037037
0.636838 0.904977 0.095023 0.765070 0.765070 0.567707 0.567707 0.500000 1.000000 0.074074
0.637706 0.904977 0.095023 0.765070 0.765070 0.568424 0.568424 0.500000 1.000000 0.074074
0.968723 0.904977 0.095023 0.765070 0.765070 0.919609 0.919609 0.500000 1.000000 0.074074
0.969592 0.904977 0.095023 0.765070 0.765070 0.920957 0.920957 0.500000 1.000000 0.074074
0.970460 0.904977 0.095023 0.765070 0.765070 0.922304 0.922304 0.500000 1.000000 0.199074
0.971329 0.904977 0.095023 0.765070 0.765070 0.923652 0.923652 0.500000 1.000000 0.074074
0.000000 0.000000 0.000000 0.000000 0.000000 0.000000 0.000000 0.000000 0.000000 0.000000
0.000000 0.000000 0.000000 0.000000 0.000000 0.000000 0.000000 0.000000 0.000000 0.000000
0.000000 0.000000 0.000000 0.000000 0.000000 0.000000 0.000000 0.000000 0.000000 0.000000
0.000000 0.000000 0.000000 0.000000 0.000000 0.000000 0.000000 0.000000 0.000000 0.000000
0.000000 0.000000 0.000000 0.000000 0.000000 0.000000 0.000000 0.000000 0.000000 0.000000
0.000000 0.000000 0.000000 0.000000 0.000000 0.000000 0.000000 0.000000 0.000000 0.000000
0.000000 0.000000 0.000000 0.000000 0.000000 0.000000 0.000000 0.000000 0.000000 0.000000
0.000000 0.000000 0.000000 0.000000 0.000000 0.000000 0.000000 0.000000 0.000000 0.000000
0.000000 0.000000 0.000000 0.000000 0.000000 0.000000 0.000000 0.000000 0.000000 0.000000
0.000000 0.000000 0.000000 0.000000 0.000000 0.000000 0.000000 0.000000 0.000000 0.000000
0.000000 0.000000 0.000000 0.000000 0.000000 0.000000 0.000000 0.000000 0.000000 0.000000
0.000000 0.000000 0.000000 0.000000 0.000000 0.000000 0.000000 0.000000 0.000000 0.000000
0.000000 0.000000 0.000000 0.000000 0.000000 0.000000 0.000000 0.000000 0.000000 0.000000
0.000000 0.000000 0.000000 0.000000 0.000000 0.000000 0.000000 0.000000 0.000000 0.000000
0.000000 0.000000 0.000000 0.000000 0.000000 0.000000 0.000000 0.000000 0.000000 0.000000
0.000000 0.000000 0.000000 0.000000 0.000000 0.000000 0.000000 0.000000 0.000000 0.000000
0.000000 0.000000 0.000000 0.000000 0.000000 0.000000 0.000000 0.000000 0.000000 0.000000
0.000000 0.000000 0.000000 0.000000 0.000000 0.000000 0.000000 0.000000 0.000000 0.000000
0.000000 0.000000 0.000000 0.000000 0.000000 0.000000 0.000000 0.000000 0.000000 0.000000
0.000000 0.000000 0.000000 0.000000 0.000000 0.000000 0.000000 0.000000 0.000000 0.000000
0.000000 0.000000 0.000000 0.000000 0.000000 0.000000 0.000000 0.000000 0.000000 0.000000
0.000000 0.000000 0.000000 0.000000 0.000000 0.000000 0.000000 0.000000 0.000000 0.000000
0.000000 0.000000 0.000000 0.000000 0.000000 0.000000 0.000000 0.000000 0.000000 0.000000
0.000000 0.000000 0.000000 0.000000 0.000000 0.000000 0.000000 0.000000 0.000000 0.000000
0.000000 0.000000 0.000000 0.000000 0.000000 0.000000 0.000000 0.000000 0.000000 0.000000
0.000000 0.000000 0.000000 0.000000 0.000000 0.000000 0.000000 0.000000 0.000000 0.000000
0.000000 0.000000 0.000000 0.000000 0.000000 0.000000 0.000000 0.000000 0.000000 0.000000
0.000000 0.000000 0.000000 0.000000 0.000000 0.000000 0.000000 0.000000 0.000000 0.000000
0.000000 0.000000 0.000000 0.000000 0.000000 0.000000 0.000000 0.000000 0.000000 0.000000
0.000000 0.000000 0.000000 0.000000 0.000000 0.000000 0.000000 0.000000 0.000000 0.000000
0.000000 0.000000 0.000000 0.000000 0.000000 0.000000 0.000000 0.000000 0.000000 0.000000
0.000000 0.000000 0.000000 0.000000 0.000000 0.000000 0.000000 0.000000 0.000000 0.000000
0.000000 0.000000 0.000000 0.000000 0.000000 0.000000 0.000000 0.000000 0.000000 0.000000
0.000000 0.000000 0.000000 0.000000 0.000000 0.000000 0.000000 0.000000 0.000000 0.000000
0.000000 0.000000 0.000000 0.000000 0.000000 0.000000 0.000000 0.000000 0.000000 0.000000
0.000000 0.000000 0.000000 0.000000 0.000000 0.000000 0.000000 0.000000 0.000000 0.000000
0.000000 0.000000 0.000000 0.000000 0.000000 0.000000 0.000000 0.000000 0.000000 0.000000
0.000000 0.000000 0.000000 0.000000 0.000000 0.000000 0.000000 0.000000 0.000000 0.000000
0.000000 0.000000 0.000000 0.000000 0.000000 0.000000 0.000000 0.000000 0.000000 0.000000
0.000000 0.000000 0.000000 0.000000 0.000000 0.000000 0.000000 0.000000 0.000000 0.000000
0.000000 0.000000 0.000000 0.000000 0.000000 0.000000 0.000000 0.000000 0.000000 0.000000
0.000000 0.000000 0.000000 0.000000 0.000000 0.000000 0.000000 0.000000 0.000000 0.000000
0.000000 0.000000 0.000000 0.000000 0.000000 0.000000 0.000000 0.000000 0.000000 0.000000
0.000000 0.000000 0.000000 0.000000 0.000000 0.000000 0.000000 0.000000 0.000000 0.000000
0.000000 0.000000 0.000000 0.000000 0.000000 0.000000 0.000000 0.000000 0.000000 0.000000
0.000000 0.000000 0.000000 0.000000 0.000000 0.000000 0.000000 0.000000 0.000000 0.000000
0.000000 0.000000 0.000000 0.000000 0.000000 0.000000 0.000000 0.000000 0.000000 0.000000
0.000000 0.000000 0.000000 0.000000 0.000000 0.000000 0.000000 0.000000 0.000000 0.000000
0.000000 0.000000 0.000000 0.000000 0.000000 0.000000 0.000000 0.000000 0.000000 0.000000
0.000000 0.000000 0.000000 0.000000 0.000000 0.000000 0.000000 0.000000 0.000000 0.000000
0.000000 0.000000 0.000000 0.000000 0.000000 0.000000 0.000000 0.000000 0.000000 0.000000
0.000000 0.000000 0.000000 0.000000 0.000000 0.000000 0.000000 0.000000 0.000000 0.000000
0.000000 0.000000 0.000000 0.000000 0.000000 0.000000 0.000000 0.000000 0.000000 0.000000
0.000000 0.000000 0.000000 0.000000 0.000000 0.000000 0.000000 0.000000 0.000000 0.000000
0.000000 0.000000 0.000000 0.000000 0.000000 0.000000 0.000000 0.000000 0.000000 0.000000
0.000000 0.000000 0.000000 0.000000 0.000000 0.000000 0.000000 0.000000 0.000000 0.000000
0.000000 0.000000 0.000000 0.000000 0.000000 0.000000 0.000000 0.000000 0.000000 0.000000
0.000000 0.000000 0.000000 0.000000 0.000000 0.000000 0.000000 0.000000 0.000000 0.000000
0.000000 0.000000 0.000000 0.000000 0.000000 0.000000 0.000000 0.000000 0.000000 0.000000
0.000000 0.000000 0.000000 0.000000 0.000000 0.000000 0.000000 0.000000 0.000000 0.000000
0.000000 0.000000 0.000000 0.000000 0.000000 0.000000 0.000000 0.000000 0.000000 0.000000
0.000000 0.000000 0.000000 0.000000 0.000000 0.000000 0.000000 0.000000 0.000000 0.000000
0.000000 0.000000 0.000000 0.000000 0.000000 0.000000 0.000000 0.000000 0.000000 0.000000
0.000000 0.000000 0.000000 0.000000 0.000000 0.000000 0.000000 0.000000 0.000000 0.000000
0.000000 0.000000 0.000000 0.000000 0.000000 0.000000 0.000000 0.000000 0.000000 0.000000
0.000000 0.000000 0.000000 0.000000 0.000000 0.000000 0.000000 0.000000 0.000000 0.000000
0.000000 0.000000 0.000000 0.000000 0.000000 0.000000 0.000000 0.000000 0.000000 0.000000
0.000000 0.000000 0.000000 0.000000 0.000000 0.000000 0.000000 0.000000 0.000000 0.000000
0.000000 0.000000 0.000000 0.000000 0.000000 0.000000 0.000000 0.000000 0.000000 0.000000
0.000000 0.000000 0.000000 0.000000 0.000000 0.000000 0.000000 0.000000 0.000000 0.000000
0.000000 0.000000 0.000000 0.000000 0.000000 0.000000 0.000000 0.000000 0.000000 0.000000
0.000000 0.000000 0.000000 0.000000 0.000000 0.000000 0.000000 0.000000 0.000000 0.000000
0.000000 0.000000 0.000000 0.000000 0.000000 0.000000 0.000000 0.000000 0.000000 0.000000
0.000000 0.000000 0.000000 0.000000 0.000000 0.000000 0.000000 0.000000 0.000000 0.000000
0.000000 0.000000 0.000000 0.000000 0.000000 0.000000 0.000000 0.000000 0.000000 0.000000
0.000000 0.000000 0.000000 0.000000 0.000000 0.000000 0.000000 0.000000 0.000000 0.000000
0.000000 0.000000 0.000000 0.000000 0.000000 0.000000 0.000000 0.000000 0.000000 0.000000
0.000000 0.000000 0.000000 0.000000 0.000000 0.000000 0.000000 0.000000 0.000000 0.000000
0.000000 0.000000 0.000000 0.000000 0.000000 0.000000 0.000000 0.000000 0.000000 0.000000
0.000000 0.000000 0.000000 0.000000 0.000000 0.000000 0.000000 0.000000 0.000000 0.000000
0.000000 0.000000 0.000000 0.000000 0.000000 0.000000 0.000000 0.000000 0.000000 0.000000
0.000000 0.000000 0.000000 0.000000 0.000000 0.000000 0.000000 0.000000 0.000000 0.000000
0.000000 0.000000 0.000000 0.000000 0.000000 0.000000 0.000000 0.000000 0.000000 0.000000
0.000000 0.000000 0.000000 0.000000 0.000000 0.000000 0.000000 0.000000 0.000000 0.000000
0.000000 0.000000 0.000000 0.000000 0.000000 0.000000 0.000000 0.000000 0.000000 0.000000
0.000000 0.000000 0.000000 0.000000 0.000000 0.000000 0.000000 0.000000 0.000000 0.000000
0.000000 0.000000 0.000000 0.000000 0.000000 0.000000 0.000000 0.000000 0.000000 0.000000
0.000000 0.000000 0.000000 0.000000 0.000000 0.000000 0.000000 0.000000 0.000000 0.000000
0.000000 0.000000 0.000000 0.000000 0.000000 0.000000 0.000000 0.000000 0.000000 0.000000
0.000000 0.000000 0.000000 0.000000 0.000000 0.000000 0.000000 0.000000 0.000000 0.000000
0.000000 0.000000 0.000000 0.000000 0.000000 0.000000 0.000000 0.000000 0.000000 0.000000
0.000000 0.000000 0.000000 0.000000 0.000000 0.000000 0.000000 0.000000 0.000000 0.000000
0.000000 0.000000 0.000000 0.000000 0.000000 0.000000 0.000000 0.000000 0.000000 0.000000
0.000000 0.000000 0.000000 0.000000 0.000000 0.000000 0.000000 0.000000 0.000000 0.000000
0.000000 0.000000 0.000000 0.000000 0.000000 0.000000 0.000000 0.000000 0.000000 0.000000
0.000000 0.000000 0.000000 0.000000 0.000000 0.000000 0.000000 0.000000 0.000000 0.000000
0.000000 0.000000 0.000000 0.000000 0.000000 0.000000 0.000000 0.000000 0.000000 0.000000
0.000000 0.000000 0.000000 0.000000 0.000000 0.000000 0.000000 0.000000 0.000000 0.000000
0.000000 0.000000 0.000000 0.000000 0.000000 0.000000 0.000000 0.000000 0.000000 0.000000
0.000000 0.000000 0.000000 0.000000 0.000000 0.000000 0.000000 0.000000 0.000000 0.000000
0.000000 0.000000 0.000000 0.000000 0.000000 0.000000 0.000000 0.000000 0.000000 0.000000
0.000000 0.000000 0.000000 0.000000 0.000000 0.000000 0.000000 0.000000 0.000000 0.000000
0.000000 0.000000 0.000000 0.000000 0.000000 0.000000 0.000000 0.000000 0.000000 0.000000
0.000000 0.000000 0.000000 0.000000 0.000000 0.000000 0.000000 0.000000 0.000000 0.000000
0.000000 0.000000 0.000000 0.000000 0.000000 0.000000 0.000000 0.000000 0.000000 0.000000
0.000000 0.000000 0.000000 0.000000 0.000000 0.000000 0.000000 0.000000 0.000000 0.000000
0.000000 0.000000 0.000000 0.000000 0.000000 0.000000 0.000000 0.000000 0.000000 0.000000
0.000000 0.000000 0.000000 0.000000 0.000000 0.000000 0.000000 0.000000 0.000000 0.000000
0.000000 0.000000 0.000000 0.000000 0.000000 0.000000 0.000000 0.000000 0.000000 0.000000
0.000000 0.000000 0.000000 0.000000 0.000000 0.000000 0.000000 0.000000 0.000000 0.000000
0.000000 0.000000 0.000000 0.000000 0.000000 0.000000 0.000000 0.000000 0.000000 0.000000
0.000000 0.000000 0.000000 0.000000 0.000000 0.000000 0.000000 0.000000 0.000000 0.000000
0.000000 0.000000 0.000000 0.000000 0.000000 0.000000 0.000000 0.000000 0.000000 0.000000
0.000000 0.000000 0.000000 0.000000 0.000000 0.000000 0.000000 0.000000 0.000000 0.000000
0.000000 0.000000 0.000000 0.000000 0.000000 0.000000 0.000000 0.000000 0.000000 0.000000
0.000000 0.000000 0.000000 0.000000 0.000000 0.000000 0.000000 0.000000 0.000000 0.000000
0.000000 0.000000 0.000000 0.000000 0.000000 0.000000 0.000000 0.000000 0.000000 0.000000
0.000000 0.000000 0.000000 0.000000 0.000000 0.000000 0.000000 0.000000 0.000000 0.000000
0.000000 0.000000 0.000000 0.000000 0.000000 0.000000 0.000000 0.000000 0.000000 0.000000
0.000000 0.000000 0.000000 0.000000 0.000000 0.000000 0.000000 0.000000 0.000000 0.000000
0.000000 0.000000 0.000000 0.000000 0.000000 0.000000 0.000000 0.000000 0.000000 0.000000
0.000000 0.000000 0.000000 0.000000 0.000000 0.000000 0.000000 0.000000 0.000000 0.000000
0.000000 0.000000 0.000000 0.000000 0.000000 0.000000 0.000000 0.000000 0.000000 0.000000
0.000000 0.000000 0.000000 0.000000 0.000000 0.000000 0.000000 0.000000 0.000000 0.000000
0.000000 0.000000 0.000000 0.000000 0.000000 0.000000 0.000000 0.000000 0.000000 0.000000
0.000000 0.000000 0.000000 0.000000 0.000000 0.000000 0.000000 0.000000 0.000000 0.000000
0.000000 0.000000 0.000000 0.000000 0.000000 0.000000 0.000000 0.000000 0.000000 0.000000
0.000000 0.000000 0.000000 0.000000 0.000000 0.000000 0.000000 0.000000 0.000000 0.000000
0.000000 0.000000 0.000000 0.000000 0.000000 0.000000 0.000000 0.000000 0.000000 0.000000
0.000000 0.000000 0.000000 0.000000 0.000000 0.000000 0.000000 0.000000 0.000000 0.000000
0.000000 0.000000 0.000000 0.000000 0.000000 0.000000 0.000000 0.000000 0.000000 0.000000
0.000000 0.000000 0.000000 0.000000 0.000000 0.000000 0.000000 0.000000 0.000000 0.000000
0.000000 0.000000 0.000000 0.000000 0.000000 0.000000 0.000000 0.000000 0.000000 0.000000
0.000000 0.000000 0.000000 0.000000 0.000000 0.000000 0.000000 0.000000 0.000000 0.000000
0.000000 0.000000 0.000000 0.000000 0.000000 0.000000 0.000000 0.000000 0.000000 0.000000
0.000000 0.000000 0.000000 0.000000 0.000000 0.000000 0.000000 0.000000 0.000000 0.000000
0.000000 0.000000 0.000000 0.000000 0.000000 0.000000 0.000000 0.000000 0.000000 0.000000
0.000000 0.000000 0.000000 0.000000 0.000000 0.000000 0.000000 0.000000 0.000000 0.000000
0.000000 0.000000 0.000000 0.000000 0.000000 0.000000 0.000000 0.000000 0.000000 0.000000
0.000000 0.000000 0.000000 0.000000 0.000000 0.000000 0.000000 0.000000 0.000000 0.000000
0.000000 0.000000 0.000000 0.000000 0.000000 0.000000 0.000000 0.000000 0.000000 0.000000
0.000000 0.000000 0.000000 0.000000 0.000000 0.000000 0.000000 0.000000 0.000000 0.000000
0.000000 0.000000 0.000000 0.000000 0.000000 0.000000 0.000000 0.000000 0.000000 0.000000
0.000000 0.000000 0.000000 0.000000 0.000000 0.000000 0.000000 0.000000 0.000000 0.000000
0.000000 0.000000 0.000000 0.000000 0.000000 0.000000 0.000000 0.000000 0.000000 0.000000
0.000000 0.000000 0.000000 0.000000 0.000000 0.000000 0.000000 0.000000 0.000000 0.000000
0.000000 0.000000 0.000000 0.000000 0.000000 0.000000 0.000000 0.000000 0.000000 0.000000
0.000000 0.000000 0.000000 0.000000 0.000000 0.000000 0.000000 0.000000 0.000000 0.000000
0.000000 0.000000 0.000000 0.000000 0.000000 0.000000 0.000000 0.000000 0.000000 0.000000
0.000000 0.000000 0.000000 0.000000 0.000000 0.000000 0.000000 0.000000 0.000000 0.000000
0.000000 0.000000 0.000000 0.000000 0.000000 0.000000 0.000000 0.000000 0.000000 0.000000
0.000000 0.000000 0.000000 0.000000 0.000000 0.000000 0.000000 0.000000 0.000000 0.000000
0.000000 0.000000 0.000000 0.000000 0.000000 0.000000 0.000000 0.000000 0.000000 0.000000
0.000000 0.000000 0.000000 0.000000 0.000000 0.000000 0.000000 0.000000 0.000000 0.000000
0.000000 0.000000 0.000000 0.000000 0.000000 0.000000 0.000000 0.000000 0.000000 0.000000
0.000000 0.000000 0.000000 0.000000 0.000000 0.000000 0.000000 0.000000 0.000000 0.000000
0.000000 0.000000 0.000000 0.000000 0.000000 0.000000 0.000000 0.000000 0.000000 0.000000
0.000000 0.000000 0.000000 0.000000 0.000000 0.000000 0.000000 0.000000 0.000000 0.000000
0.000000 0.000000 0.000000 0.000000 0.000000 0.000000 0.000000 0.000000 0.000000 0.000000
0.000000 0.000000 0.000000 0.000000 0.000000 0.000000 0.000000 0.000000 0.000000 0.000000
0.000000 0.000000 0.000000 0.000000 0.000000 0.000000 0.000000 0.000000 0.000000 0.000000
0.000000 0.000000 0.000000 0.000000 0.000000 0.000000 0.000000 0.000000 0.000000 0.000000
0.000000 0.000000 0.000000 0.000000 0.000000 0.000000 0.000000 0.000000 0.000000 0.000000
0.000000 0.000000 0.000000 0.000000 0.000000 0.000000 0.000000 0.000000 0.000000 0.000000
0.000000 0.000000 0.000000 0.000000 0.000000 0.000000 0.000000 0.000000 0.000000 0.000000
0.000000 0.000000 0.000000 0.000000 0.000000 0.000000 0.000000 0.000000 0.000000 0.000000
0.000000 0.000000 0.000000 0.000000 0.000000 0.000000 0.000000 0.000000 0.000000 0.000000
0.000000 0.000000 0.000000 0.000000 0.000000 0.000000 0.000000 0.000000 0.000000 0.000000
0.000000 0.000000 0.000000 0.000000 0.000000 0.000000 0.000000 0.000000 0.000000 0.000000
0.000000 0.000000 0.000000 0.000000 0.000000 0.000000 0.000000 0.000000 0.000000 0.000000
0.000000 0.000000 0.000000 0.000000 0.000000 0.000000 0.000000 0.000000 0.000000 0.000000
0.000000 0.000000 0.000000 0.000000 0.000000 0.000000 0.000000 0.000000 0.000000 0.000000
0.000000 0.000000 0.000000 0.000000 0.000000 0.000000 0.000000 0.000000 0.000000 0.000000
0.000000 0.000000 0.000000 0.000000 0.000000 0.000000 0.000000 0.000000 0.000000 0.000000
0.000000 0.000000 0.000000 0.000000 0.000000 0.000000 0.000000 0.000000 0.000000 0.000000
0.000000 0.000000 0.000000 0.000000 0.000000 0.000000 0.000000 0.000000 0.000000 0.000000
0.000000 0.000000 0.000000 0.000000 0.000000 0.000000 0.000000 0.000000 0.000000 0.000000
0.000000 0.000000 0.000000 0.000000 0.000000 0.000000 0.000000 0.000000 0.000000 0.000000
0.000000 0.000000 0.000000 0.000000 0.000000 0.000000 0.000000 0.000000 0.000000 0.000000
0.000000 0.000000 0.000000 0.000000 0.000000 0.000000 0.000000 0.000000 0.000000 0.000000
0.000000 0.000000 0.000000 0.000000 0.000000 0.000000 0.000000 0.000000 0.000000 0.000000
0.000000 0.000000 0.000000 0.000000 0.000000 0.000000 0.000000 0.000000 0.000000 0.000000
0.000000 0.000000 0.000000 0.000000 0.000000 0.000000 0.000000 0.000000 0.000000 0.000000
0.000000 0.000000 0.000000 0.000000 0.000000 0.000000 0.000000 0.000000 0.000000 0.000000
0.000000 0.000000 0.000000 0.000000 0.000000 0.000000 0.000000 0.000000 0.000000 0.000000
0.000000 0.000000 0.000000 0.000000 0.000000 0.000000 0.000000 0.000000 0.000000 0.000000
0.000000 0.000000 0.000000 0.000000 0.000000 0.000000 0.000000 0.000000 0.000000 0.000000
0.000000 0.000000 0.000000 0.000000 0.000000 0.000000 0.000000 0.000000 0.000000 0.000000
0.000000 0.000000 0.000000 0.000000 0.000000 0.000000 0.000000 0.000000 0.000000 0.000000
0.000000 0.000000 0.000000 0.000000 0.000000 0.000000 0.000000 0.000000 0.000000 0.000000
0.000000 0.000000 0.000000 0.000000 0.000000 0.000000 0.000000 0.000000 0.000000 0.000000
0.000000 0.000000 0.000000 0.000000 0.000000 0.000000 0.000000 0.000000 0.000000 0.000000
0.000000 0.000000 0.000000 0.000000 0.000000 0.000000 0.000000 0.000000 0.000000 0.000000
0.000000 0.000000 0.000000 0.000000 0.000000 0.000000 0.000000 0.000000 0.000000 0.000000
0.000000 0.000000 0.000000 0.000000 0.000000 0.000000 0.000000 0.000000 0.000000 0.000000
0.000000 0.000000 0.000000 0.000000 0.000000 0.000000 0.000000 0.000000 0.000000 0.000000
0.000000 0.000000 0.000000 0.000000 0.000000 0.000000 0.000000 0.000000 0.000000 0.000000
0.000000 0.000000 0.000000 0.000000 0.000000 0.000000 0.000000 0.000000 0.000000 0.000000
0.000000 0.000000 0.000000 0.000000 0.000000 0.000000 0.000000 0.000000 0.000000 0.000000
0.000000 0.000000 0.000000 0.000000 0.000000 0.000000 0.000000 0.000000 0.000000 0.000000
0.000000 0.000000 0.000000 0.000000 0.000000 0.000000 0.000000 0.000000 0.000000 0.000000
0.000000 0.000000 0.000000 0.000000 0.000000 0.000000 0.000000 0.000000 0.000000 0.000000
0.000000 0.000000 0.000000 0.000000 0.000000 0.000000 0.000000 0.000000 0.000000 0.000000
0.000000 0.000000 0.000000 0.000000 0.000000 0.000000 0.000000 0.000000 0.000000 0.000000
0.000000 0.000000 0.000000 0.000000 0.000000 0.000000 0.000000 0.000000 0.000000 0.000000
0.000000 0.000000 0.000000 0.000000 0.000000 0.000000 0.000000 0.000000 0.000000 0.000000
0.000000 0.000000 0.000000 0.000000 0.000000 0.000000 0.000000 0.000000 0.000000 0.000000
0.000000 0.000000 0.000000 0.000000 0.000000 0.000000 0.000000 0.000000 0.000000 0.000000
0.000000 0.000000 0.000000 0.000000 0.000000 0.000000 0.000000 0.000000 0.000000 0.000000
0.000000 0.000000 0.000000 0.000000 0.000000 0.000000 0.000000 0.000000 0.000000 0.000000
0.000000 0.000000 0.000000 0.000000 0.000000 0.000000 0.000000 0.000000 0.000000 0.000000
0.000000 0.000000 0.000000 0.000000 0.000000 0.000000 0.000000 0.000000 0.000000 0.000000
0.000000 0.000000 0.000000 0.000000 0.000000 0.000000 0.000000 0.000000 0.000000 0.000000
0.000000 0.000000 0.000000 0.000000 0.000000 0.000000 0.000000 0.000000 0.000000 0.000000
0.000000 0.000000 0.000000 0.000000 0.000000 0.000000 0.000000 0.000000 0.000000 0.000000
0.000000 0.000000 0.000000 0.000000 0.000000 0.000000 0.000000 0.000000 0.000000 0.000000
0.000000 0.000000 0.000000 0.000000 0.000000 0.000000 0.000000 0.000000 0.000000 0.000000
0.000000 0.000000 0.000000 0.000000 0.000000 0.000000 0.000000 0.000000 0.000000 0.000000
0.000000 0.000000 0.000000 0.000000 0.000000 0.000000 0.000000 0.000000 0.000000 0.000000
0.000000 0.000000 0.000000 0.000000 0.000000 0.000000 0.000000 0.000000 0.000000 0.000000
0.000000 0.000000 0.000000 0.000000 0.000000 0.000000 0.000000 0.000000 0.000000 0.000000
0.000000 0.000000 0.000000 0.000000 0.000000 0.000000 0.000000 0.000000 0.000000 0.000000
0.000000 0.000000 0.000000 0.000000 0.000000 0.000000 0.000000 0.000000 0.000000 0.000000
0.000000 0.000000 0.000000 0.000000 0.000000 0.000000 0.000000 0.000000 0.000000 0.000000
0.000000 0.000000 0.000000 0.000000 0.000000 0.000000 0.000000 0.000000 0.000000 0.000000
0.000000 0.000000 0.000000 0.000000 0.000000 0.000000 0.000000 0.000000 0.000000 0.000000
0.000000 0.000000 0.000000 0.000000 0.000000 0.000000 0.000000 0.000000 0.000000 0.000000
0.000000 0.000000 0.000000 0.000000 0.000000 0.000000 0.000000 0.000000 0.000000 0.000000
0.000000 0.000000 0.000000 0.000000 0.000000 0.000000 0.000000 0.000000 0.000000 0.000000
0.000000 0.000000 0.000000 0.000000 0.000000 0.000000 0.000000 0.000000 0.000000 0.000000
0.000000 0.000000 0.000000 0.000000 0.000000 0.000000 0.000000 0.000000 0.000000 0.000000
0.000000 0.000000 0.000000 0.000000 0.000000 0.000000 0.000000 0.000000 0.000000 0.000000
0.000000 0.000000 0.000000 0.000000 0.000000 0.000000 0.000000 0.000000 0.000000 0.000000
0.000000 0.000000 0.000000 0.000000 0.000000 0.000000 0.000000 0.000000 0.000000 0.000000
0.000000 0.000000 0.000000 0.000000 0.000000 0.000000 0.000000 0.000000 0.000000 0.000000
0.000000 0.000000 0.000000 0.000000 0.000000 0.000000 0.000000 0.000000 0.000000 0.000000
0.000000 0.000000 0.000000 0.000000 0.000000 0.000000 0.000000 0.000000 0.000000 0.000000
0.000000 0.000000 0.000000 0.000000 0.000000 0.000000 0.000000 0.000000 0.000000 0.000000
0.000000 0.000000 0.000000 0.000000 0.000000 0.000000 0.000000 0.000000 0.000000 0.000000
0.000000 0.000000 0.000000 0.000000 0.000000 0.000000 0.000000 0.000000 0.000000 0.000000
0.000000 0.000000 0.000000 0.000000 0.000000 0.000000 0.000000 0.000000 0.000000 0.000000
0.000000 0.000000 0.000000 0.000000 0.000000 0.000000 0.000000 0.000000 0.000000 0.000000
0.000000 0.000000 0.000000 0.000000 0.000000 0.000000 0.000000 0.000000 0.000000 0.000000
0.000000 0.000000 0.000000 0.000000 0.000000 0.000000 0.000000 0.000000 0.000000 0.000000
0.000000 0.000000 0.000000 0.000000 0.000000 0.000000 0.000000 0.000000 0.000000 0.000000
0.000000 0.000000 0.000000 0.000000 0.000000 0.000000 0.000000 0.000000 0.000000 0.000000
0.000000 0.000000 0.000000 0.000000 0.000000 0.000000 0.000000 0.000000 0.000000 0.000000
0.000000 0.000000 0.000000 0.000000 0.000000 0.000000 0.000000 0.000000 0.000000 0.000000
0.000000 0.000000 0.000000 0.000000 0.000000 0.000000 0.000000 0.000000 0.000000 0.000000
0.000000 0.000000 0.000000 0.000000 0.000000 0.000000 0.000000 0.000000 0.000000 0.000000
0.000000 0.000000 0.000000 0.000000 0.000000 0.000000 0.000000 0.000000 0.000000 0.000000
0.000000 0.000000 0.000000 0.000000 0.000000 0.000000 0.000000 0.000000 0.000000 0.000000
0.000000 0.000000 0.000000 0.000000 0.000000 0.000000 0.000000 0.000000 0.000000 0.000000
0.000000 0.000000 0.000000 0.000000 0.000000 0.000000 0.000000 0.000000 0.000000 0.000000
0.000000 0.000000 0.000000 0.000000 0.000000 0.000000 0.000000 0.000000 0.000000 0.000000
0.000000 0.000000 0.000000 0.000000 0.000000 0.000000 0.000000 0.000000 0.000000 0.000000
0.000000 0.000000 0.000000 0.000000 0.000000 0.000000 0.000000 0.000000 0.000000 0.000000
0.000000 0.000000 0.000000 0.000000 0.000000 0.000000 0.000000 0.000000 0.000000 0.000000
0.000000 0.000000 0.000000 0.000000 0.000000 0.000000 0.000000 0.000000 0.000000 0.000000
0.000000 0.000000 0.000000 0.000000 0.000000 0.000000 0.000000 0.000000 0.000000 0.000000
0.000000 0.000000 0.000000 0.000000 0.000000 0.000000 0.000000 0.000000 0.000000 0.000000
0.000000 0.000000 0.000000 0.000000 0.000000 0.000000 0.000000 0.000000 0.000000 0.000000
0.000000 0.000000 0.000000 0.000000 0.000000 0.000000 0.000000 0.000000 0.000000 0.000000
0.000000 0.000000 0.000000 0.000000 0.000000 0.000000 0.000000 0.000000 0.000000 0.000000
0.000000 0.000000 0.000000 0.000000 0.000000 0.000000 0.000000 0.000000 0.000000 0.000000
0.000000 0.000000 0.000000 0.000000 0.000000 0.000000 0.000000 0.000000 0.000000 0.000000
0.000000 0.000000 0.000000 0.000000 0.000000 0.000000 0.000000 0.000000 0.000000 0.000000
0.000000 0.000000 0.000000 0.000000 0.000000 0.000000 0.000000 0.000000 0.000000 0.000000
0.000000 0.000000 0.000000 0.000000 0.000000 0.000000 0.000000 0.000000 0.000000 0.000000
0.000000 0.000000 0.000000 0.000000 0.000000 0.000000 0.000000 0.000000 0.000000 0.000000
0.000000 0.000000 0.000000 0.000000 0.000000 0.000000 0.000000 0.000000 0.000000 0.000000
0.000000 0.000000 0.000000 0.000000 0.000000 0.000000 0.000000 0.000000 0.000000 0.000000

y:
0
0
0
0
0
0
1
0
1
0
0
0
0
0
0
0
0
0
0
0
0
0
0
0
0
0
0
0
0
0
0
0
0
1
0
0
0
0
0
0
0
0
0
0
0
0
0
0
0
1
1
0
0
0
1
0
0
0
0
0
0
0
0
0
0
0
1
1
0
0
0
0
0
0
0
0
0
0
0
0
0
1
0
0
0
0
0
0
0
0
0
1
1
1
1
1
0
0
0
0
0
0
0
0
0
0
0
0
0
0
0
0
0
1
1
1
1
0
0
0
0
0
0
0
0
1
1
1
1
0
0
0
0
0
0
0
0
0
0
0
0
0
0
0
0
0
0
0
0
0
0
0
0
0
0
0
0
0
0
0
0
0
0
0
0
0
0
0
0
0
0
0
0
0
0
0
0
0
0
0
0
0
0
0
0
0
0
0
0
0
0
0
0
0
0
0
0
0
0
0
0
0
0
0
0
0
0
0
0
0
0
0
0
0
0
0
0
0
0
0
0
0
0
0
0
0
0
0
0
0
0
0
0
0
0
0
0
0
0
0
0
0
0
0
0
0
0
0
0
0
0
0
0
0
0
0
0
0
0
0
0
0
0
0
0
0
0
0
0
0
0
0
0
0
0
0
0
0
0
0
0
0
0
0
0
0
0
0
0
0
0
0
0
0
0
0
0
0
0
0
0
0
0
0
0
0
0
0
0
0
0
0
0
0
0
0
0
0
0
0
0
0
0
0
0
0
0
0
0
0
0
0
0
0
0
0
0
0
0
0
0
0
0
0
0
0
0
0
0
0
0
0
0
0
0
0
0
0
0
0
0
0
0
0
0
0
0
0
0
0
0
0
0
0
0
0
0
0
0
0
0
0
0
0
0
0
0
0
0
0
0
0
0
0
0
0
0
0
0
0
0
0
0
0
0
0
0
0
0
0
0
0
0
0
0
0
0
0
0
0
0
0
0
0
0
0
0
0
0
0
0
0
0
0
0
0
0
0
0
0
0
0
0
0
0
0
0
0
0
0

mask:
1.0
1.0
1.0
1.0
1.0
1.0
1.0
1.0
1.0
1.0
1.0
1.0
1.0
1.0
1.0
1.0
1.0
1.0
1.0
1.0
1.0
1.0
1.0
1.0
1.0
1.0
1.0
1.0
1.0
1.0
1.0
1.0
1.0
1.0
1.0
1.0
1.0
1.0
1.0
1.0
1.0
1.0
1.0
1.0
1.0
1.0
1.0
1.0
1.0
1.0
1.0
1.0
1.0
1.0
1.0
1.0
1.0
1.0
1.0
1.0
1.0
1.0
1.0
1.0
1.0
1.0
1.0
1.0
1.0
1.0
1.0
1.0
1.0
1.0
1.0
1.0
1.0
1.0
1.0
1.0
1.0
1.0
1.0
1.0
1.0
1.0
1.0
1.0
1.0
1.0
1.0
1.0
1.0
1.0
1.0
1.0
1.0
1.0
1.0
1.0
1.0
1.0
1.0
1.0
1.0
1.0
1.0
1.0
1.0
1.0
1.0
1.0
1.0
1.0
1.0
1.0
1.0
1.0
1.0
1.0
1.0
1.0
1.0
1.0
1.0
1.0
1.0
1.0
1.0
1.0
1.0
1.0
1.0
1.0
1.0
1.0
1.0
1.0
1.0
1.0
1.0
1.0
1.0
1.0
1.0
1.0
1.0
1.0
1.0
1.0
1.0
1.0
1.0
1.0
1.0
1.0
1.0
1.0
1.0
1.0
1.0
1.0
1.0
1.0
1.0
1.0
1.0
1.0
1.0
1.0
1.0
1.0
1.0
1.0
1.0
1.0
1.0
1.0
0.0
0.0
0.0
0.0
0.0
0.0
0.0
0.0
0.0
0.0
0.0
0.0
0.0
0.0
0.0
0.0
0.0
0.0
0.0
0.0
0.0
0.0
0.0
0.0
0.0
0.0
0.0
0.0
0.0
0.0
0.0
0.0
0.0
0.0
0.0
0.0
0.0
0.0
0.0
0.0
0.0
0.0
0.0
0.0
0.0
0.0
0.0
0.0
0.0
0.0
0.0
0.0
0.0
0.0
0.0
0.0
0.0
0.0
0.0
0.0
0.0
0.0
0.0
0.0
0.0
0.0
0.0
0.0
0.0
0.0
0.0
0.0
0.0
0.0
0.0
0.0
0.0
0.0
0.0
0.0
0.0
0.0
0.0
0.0
0.0
0.0
0.0
0.0
0.0
0.0
0.0
0.0
0.0
0.0
0.0
0.0
0.0
0.0
0.0
0.0
0.0
0.0
0.0
0.0
0.0
0.0
0.0
0.0
0.0
0.0
0.0
0.0
0.0
0.0
0.0
0.0
0.0
0.0
0.0
0.0
0.0
0.0
0.0
0.0
0.0
0.0
0.0
0.0
0.0
0.0
0.0
0.0
0.0
0.0
0.0
0.0
0.0
0.0
0.0
0.0
0.0
0.0
0.0
0.0
0.0
0.0
0.0
0.0
0.0
0.0
0.0
0.0
0.0
0.0
0.0
0.0
0.0
0.0
0.0
0.0
0.0
0.0
0.0
0.0
0.0
0.0
0.0
0.0
0.0
0.0
0.0
0.0
0.0
0.0
0.0
0.0
0.0
0.0
0.0
0.0
0.0
0.0
0.0
0.0
0.0
0.0
0.0
0.0
0.0
0.0
0.0
0.0
0.0
0.0
0.0
0.0
0.0
0.0
0.0
0.0
0.0
0.0
0.0
0.0
0.0
0.0
0.0
0.0
0.0
0.0
0.0
0.0
0.0
0.0
0.0
0.0
0.0
0.0
0.0
0.0
0.0
0.0
0.0
0.0
0.0
0.0
0.0
0.0
0.0
0.0
0.0
0.0
0.0
0.0
0.0
0.0
0.0
0.0
0.0
0.0
0.0
0.0
0.0
0.0
0.0
0.0
0.0
0.0
0.0
0.0
0.0
0.0
0.0
0.0
0.0
0.0
0.0
0.0
0.0
0.0
0.0
0.0
0.0
0.0
0.0
0.0
0.0
0.0
0.0
0.0
0.0
0.0

probs:
0.100398
0.027501
0.026045
0.033802
0.015202
0.093933
0.880734
0.093052
0.897679
0.467119
0.915343
0.661963
0.580759
0.848054
0.045329
0.205254
0.363763
0.331732
0.277065
0.303050
0.439894
0.397680
0.399211
0.002857
0.432209
0.462486
0.264050
0.025239
0.296329
0.587174
0.573225
0.021547
0.462971
0.902300
0.915527
0.038576
0.028005
0.197178
0.307089
0.021060
0.003149
0.004587
0.002395
0.002481
0.521466
0.011757
0.003631
0.002235
0.760937
0.866332
0.939905
0.014819
0.784615
0.012350
0.935556
0.843323
0.807549
0.818588
0.756332
0.137937
0.392724
0.372005
0.425034
0.386017
0.368114
0.370689
0.945688
0.936377
0.283093
0.320498
0.347543
0.194799
0.024875
0.565481
0.482121
0.480397
0.016654
0.013954
0.025194
0.026039
0.337460
0.945346
0.000929
0.347772
0.384424
0.085505
0.093162
0.012481
0.005061
0.436677
0.928147
0.837394
0.743409
0.763372
0.718279
0.450834
0.000023
0.000158
0.000194
0.000036
0.000109
0.001412
0.001862
0.003449
0.132794
0.011098
0.025804
0.049442
0.075718
0.001631
0.020431
0.000000
0.000016
0.938635
0.975963
0.974179
0.982584
0.000134
0.000038
0.032826
0.000019
0.000011
0.000044
0.000052
0.000266
0.986534
0.923544
0.883335
0.848968
0.002104
0.000033
0.000015
0.000029
0.000042
0.000036
0.000031
0.000039
0.000033
0.000058
0.000059
0.000070
0.000051
0.080123
0.331052
0.000166
0.000068
0.000096
0.964579
0.965261
0.213683
0.000709
0.000005
0.000158
0.000583
0.000418
0.000001
0.000001
0.000002
0.003099
0.003531
0.003921
0.000637
0.004214
0.008592
0.750048
0.845107
0.102701
0.324641
0.000133
0.000166
0.000125
0.000152
0.003066
0.003804
0.000829
0.001068
0.014045
0.001109
0.500000
0.500000
0.500000
0.500000
0.500000
0.500000
0.500000
0.500000
0.500000
0.500000
0.500000
0.500000
0.500000
0.500000
0.500000
0.500000
0.500000
0.500000
0.500000
0.500000
0.500000
0.500000
0.500000
0.500000
0.500000
0.500000
0.500000
0.500000
0.500000
0.500000
0.500000
0.500000
0.500000
0.500000
0.500000
0.500000
0.500000
0.500000
0.500000
0.500000
0.500000
0.500000
0.500000
0.500000
0.500000
0.500000
0.500000
0.500000
0.500000
0.500000
0.500000
0.500000
0.500000
0.500000
0.500000
0.500000
0.500000
0.500000
0.500000
0.500000
0.500000
0.500000
0.500000
0.500000
0.500000
0.500000
0.500000
0.500000
0.500000
0.500000
0.500000
0.500000
0.500000
0.500000
0.500000
0.500000
0.500000
0.500000
0.500000
0.500000
0.500000
0.500000
0.500000
0.500000
0.500000
0.500000
0.500000
0.500000
0.500000
0.500000
0.500000
0.500000
0.500000
0.500000
0.500000
0.500000
0.500000
0.500000
0.500000
0.500000
0.500000
0.500000
0.500000
0.500000
0.500000
0.500000
0.500000
0.500000
0.500000
0.500000
0.500000
0.500000
0.500000
0.500000
0.500000
0.500000
0.500000
0.500000
0.500000
0.500000
0.500000
0.500000
0.500000
0.500000
0.500000
0.500000
0.500000
0.500000
0.500000
0.500000
0.500000
0.500000
0.500000
0.500000
0.500000
0.500000
0.500000
0.500000
0.500000
0.500000
0.500000
0.500000
0.500000
0.500000
0.500000
0.500000
0.500000
0.500000
0.500000
0.500000
0.500000
0.500000
0.500000
0.500000
0.500000
0.500000
0.500000
0.500000
0.500000
0.500000
0.500000
0.500000
0.500000
0.500000
0.500000
0.500000
0.500000
0.500000
0.500000
0.500000
0.500000
0.500000
0.500000
0.500000
0.500000
0.500000
0.500000
0.500000
0.500000
0.500000
0.500000
0.500000
0.500000
0.500000
0.500000
0.500000
0.500000
0.500000
0.500000
0.500000
0.500000
0.500000
0.500000
0.500000
0.500000
0.500000
0.500000
0.500000
0.500000
0.500000
0.500000
0.500000
0.500000
0.500000
0.500000
0.500000
0.500000
0.500000
0.500000
0.500000
0.500000
0.500000
0.500000
0.500000
0.500000
0.500000
0.500000
0.500000
0.500000
0.500000
0.500000
0.500000
0.500000
0.500000
0.500000
0.500000
0.500000
0.500000
0.500000
0.500000
0.500000
0.500000
0.500000
0.500000
0.500000
0.500000
0.500000
0.500000
0.500000
0.500000
0.500000
0.500000
0.500000
0.500000
0.500000
0.500000
0.500000
0.500000
0.500000
0.500000
0.500000
0.500000
0.500000
0.500000
0.500000
0.500000
0.500000
0.500000
0.500000
0.500000
0.500000
0.500000
0.500000
0.500000
0.500000
0.500000
0.500000
0.500000
0.500000
0.500000
0.500000
0.500000
