x:
0.294118 0.038411 0.049746 0.588469 0.623354 0.000348 0.667206 0.300000 0.000000 0.000000
0.435294 0.086259 0.100939 0.382483 0.337303 0.000348 0.667206 0.200000 0.090909 0.000000
0.576471 0.262748 0.313651 0.141104 0.104121 0.000348 0.667206 0.100000 0.090909 0.000000
0.580392 0.519988 0.583336 0.070194 0.070194 0.000348 0.667206 0.000000 0.090909 0.000000
0.600000 0.098913 0.119150 0.343537 0.281252 0.000348 0.667206 0.200000 0.090909 0.000000
0.603922 0.099214 0.119584 0.342610 0.279917 0.000348 0.667206 0.200000 0.090909 0.000000
0.615686 0.528763 0.595966 0.070194 0.070194 0.000348 0.667206 0.000000 0.090909 0.000000
0.615686 0.270636 0.325004 0.135373 0.095872 0.000348 0.667206 0.100000 0.090909 0.000000
0.619608 0.529737 0.597369 0.070194 0.070194 0.000348 0.667206 0.000000 0.090909 0.000000
0.670588 0.281679 0.340899 0.127350 0.084324 0.000348 0.667206 0.100000 0.090909 0.000000
0.674510 0.282467 0.342035 0.126777 0.083499 0.000348 0.667206 0.100000 0.090909 0.000000
0.678431 0.283256 0.343170 0.126204 0.082674 0.000348 0.667206 0.100000 0.090909 0.000000
0.737255 0.073002 0.052572 0.576717 0.513840 0.000348 0.548122 0.300000 0.090909 0.000000
0.125490 0.365602 0.355733 0.049238 0.053991 0.021864 0.779657 0.071429 0.181818 0.000000
0.164706 0.358575 0.345621 0.052623 0.058861 0.021864 0.779657 0.071429 0.181818 0.000000
0.458824 0.131784 0.156760 0.783167 0.814487 0.021864 0.779657 0.357143 0.181818 0.000000
0.505882 0.137620 0.165159 0.790485 0.825018 0.021864 0.779657 0.357143 0.181818 0.000000
0.509804 0.138106 0.165859 0.791095 0.825896 0.021864 0.779657 0.357143 0.181818 0.000000
0.549020 0.490250 0.442312 0.035565 0.035565 0.021864 0.779657 0.000000 0.181818 0.000000
0.588235 0.147832 0.179857 0.803292 0.843450 0.021864 0.779657 0.357143 0.181818 0.000000
0.741176 0.255270 0.208320 0.102372 0.124982 0.021864 0.631906 0.071429 0.181818 0.000000
0.811765 0.098228 0.074491 0.258911 0.288675 0.021864 0.428747 0.142857 0.181818 0.000000
0.913725 0.188197 0.199289 0.853907 0.867816 0.021864 0.190755 0.357143 0.181818 0.000000
0.066667 0.011057 0.012352 0.476808 0.471135 0.021864 0.779657 0.214286 0.272727 0.000000
0.070588 0.011230 0.012601 0.476048 0.470041 0.021864 0.779657 0.214286 0.272727 0.000000
0.286275 0.252635 0.275151 0.084317 0.073474 0.021864 0.779657 0.071429 0.272727 0.000000
0.309804 0.038654 0.032636 0.644102 0.617735 0.021864 0.779657 0.285714 0.272727 0.000000
0.313726 0.038480 0.032386 0.643342 0.616640 0.021864 0.779657 0.285714 0.272727 0.000000
0.396078 0.272312 0.303467 0.074841 0.059838 0.021864 0.779657 0.071429 0.272727 0.000000
0.486275 0.030843 0.021396 0.609882 0.568490 0.021864 0.779657 0.285714 0.272727 0.000000
0.525490 0.029108 0.018898 0.602278 0.557546 0.021864 0.779657 0.285714 0.272727 0.000000
0.529412 0.028934 0.018648 0.601517 0.556451 0.021864 0.779657 0.285714 0.272727 0.000000
0.541176 0.128385 0.157846 0.193171 0.156228 0.021864 0.779657 0.142857 0.272727 0.000000
0.690196 0.537830 0.598104 0.018155 0.018155 0.021864 0.779657 0.000000 0.272727 0.000000
0.705882 0.097747 0.060880 0.768409 0.722180 0.021864 0.748733 0.357143 0.272727 0.000000
0.058824 0.094861 0.095456 0.512034 0.515406 0.024428 0.950619 0.277778 0.363636 0.000000
0.090196 0.114456 0.113544 0.376840 0.382009 0.024428 0.950619 0.222222 0.363636 0.000000
0.094118 0.114366 0.113415 0.377352 0.382746 0.024428 0.950619 0.222222 0.363636 0.000000
0.117647 0.113824 0.112635 0.380425 0.387167 0.024428 0.950619 0.222222 0.363636 0.000000
0.121569 0.113734 0.112505 0.380937 0.387904 0.024428 0.950619 0.222222 0.363636 0.000000
0.231373 0.269482 0.259167 0.169864 0.178519 0.024428 0.950619 0.111111 0.363636 0.000000
0.243137 0.099105 0.101563 0.536103 0.550038 0.024428 0.950619 0.277778 0.363636 0.000000
0.258824 0.392876 0.378722 0.112177 0.117328 0.024428 0.950619 0.055556 0.363636 0.000000
0.345098 0.108587 0.105099 0.410126 0.429906 0.024428 0.950619 0.222222 0.363636 0.000000
0.411765 0.107052 0.102890 0.418832 0.442434 0.024428 0.950619 0.222222 0.363636 0.000000
0.505882 0.152270 0.137547 0.300139 0.325640 0.024428 0.950619 0.166667 0.363636 0.000000
0.509804 0.152010 0.137173 0.300589 0.326288 0.024428 0.950619 0.166667 0.363636 0.000000
0.815686 0.112289 0.116606 0.610870 0.635352 0.024428 0.509196 0.277778 0.363636 0.000000
0.870588 0.316648 0.300129 0.139921 0.145934 0.024428 0.345591 0.055556 0.363636 0.000000
0.156863 0.119859 0.124423 0.333064 0.325158 0.024428 0.950619 0.166667 0.454545 0.000000
0.603922 0.095982 0.102087 0.414768 0.380146 0.024428 0.950619 0.222222 0.454545 0.000000
0.607843 0.096073 0.102217 0.414256 0.379409 0.024428 0.950619 0.222222 0.454545 0.000000
0.619608 0.096344 0.102607 0.412720 0.377197 0.024428 0.950619 0.222222 0.454545 0.000000
0.631373 0.151319 0.169696 0.278574 0.246742 0.024428 0.950619 0.166667 0.454545 0.000000
0.643137 0.096885 0.103387 0.409647 0.372775 0.024428 0.950619 0.222222 0.454545 0.000000
0.694118 0.089120 0.082102 0.546312 0.506515 0.024428 0.950619 0.277778 0.454545 0.000000
0.796078 0.122979 0.109249 0.672340 0.648559 0.024428 0.573100 0.333333 0.454545 0.000000
0.498324 0.054482 0.458338 0.709113 0.009613 0.446962 0.446962 0.000000 0.545455 0.074074
0.718436 0.054482 0.458338 0.709113 0.009613 0.614013 0.614013 0.000000 0.545455 0.159722
0.719553 0.054482 0.458338 0.709113 0.009613 0.614962 0.614962 0.000000 0.545455 0.173611
0.720670 0.054482 0.458338 0.709113 0.009613 0.615910 0.615910 0.000000 0.545455 0.164352
0.721788 0.054482 0.458338 0.709113 0.009613 0.616859 0.616859 0.000000 0.545455 0.196759
0.725140 0.054482 0.458338 0.709113 0.009613 0.619705 0.619705 0.000000 0.545455 0.314815
0.726257 0.054482 0.458338 0.709113 0.009613 0.620654 0.620654 0.000000 0.545455 0.215278
0.732961 0.054482 0.458338 0.709113 0.009613 0.626346 0.626346 0.000000 0.545455 0.189815
0.734078 0.054482 0.458338 0.709113 0.009613 0.627295 0.627295 0.000000 0.545455 0.199074
0.735196 0.054482 0.458338 0.709113 0.009613 0.628244 0.628244 0.000000 0.545455 0.196759
0.736313 0.054482 0.458338 0.709113 0.009613 0.629192 0.629192 0.000000 0.545455 0.217593
0.737430 0.054482 0.458338 0.709113 0.009613 0.630141 0.630141 0.000000 0.545455 0.222222
0.738548 0.054482 0.458338 0.709113 0.009613 0.631090 0.631090 0.000000 0.545455 0.250000
0.739665 0.054482 0.458338 0.709113 0.009613 0.632038 0.632038 0.000000 0.545455 0.317130
0.740782 0.054482 0.458338 0.709113 0.009613 0.632987 0.632987 0.000000 0.545455 0.298611
0.749721 0.054482 0.458338 0.709113 0.009613 0.640577 0.640577 0.000000 0.545455 0.270833
0.750838 0.054482 0.458338 0.709113 0.009613 0.641590 0.641590 0.000000 0.545455 0.185185
0.751955 0.054482 0.458338 0.709113 0.009613 0.642667 0.642667 0.000000 0.545455 0.182870
0.753073 0.054482 0.458338 0.709113 0.009613 0.643744 0.643744 0.000000 0.545455 0.037037
0.754190 0.054482 0.458338 0.709113 0.009613 0.644821 0.644821 0.000000 0.545455 0.037037
0.755307 0.054482 0.458338 0.709113 0.009613 0.645897 0.645897 0.000000 0.545455 0.159722
0.756425 0.054482 0.458338 0.709113 0.009613 0.646974 0.646974 0.000000 0.545455 0.175926
0.757542 0.054482 0.458338 0.709113 0.009613 0.648051 0.648051 0.000000 0.545455 0.206019
0.758659 0.054482 0.458338 0.709113 0.009613 0.649128 0.649128 0.000000 0.545455 0.185185
0.759777 0.054482 0.458338 0.709113 0.009613 0.650205 0.650205 0.000000 0.545455 0.199074
0.760894 0.054482 0.458338 0.709113 0.009613 0.651282 0.651282 0.000000 0.545455 0.175926
0.762011 0.054482 0.458338 0.709113 0.009613 0.652359 0.652359 0.000000 0.545455 0.173611
0.763129 0.054482 0.458338 0.709113 0.009613 0.653436 0.653436 0.000000 0.545455 0.203704
0.915084 0.054482 0.458338 0.709113 0.009613 0.840545 0.840545 0.000000 0.545455 0.037037
0.922905 0.054482 0.458338 0.709113 0.009613 0.852660 0.852660 0.000000 0.545455 0.418981
0.926257 0.054482 0.458338 0.709113 0.009613 0.857853 0.857853 0.000000 0.545455 0.479167
0.927374 0.054482 0.458338 0.709113 0.009613 0.859583 0.859583 0.000000 0.545455 0.368056
0.928492 0.054482 0.458338 0.709113 0.009613 0.861314 0.861314 0.000000 0.545455 0.349537
0.929609 0.054482 0.458338 0.709113 0.009613 0.863160 0.863160 0.000000 0.545455 0.557870
0.935196 0.054482 0.458338 0.709113 0.009613 0.872968 0.872968 0.000000 0.545455 0.037037
0.936313 0.054482 0.458338 0.709113 0.009613 0.874929 0.874929 0.000000 0.545455 0.037037
0.937430 0.054482 0.458338 0.709113 0.009613 0.876891 0.876891 0.000000 0.545455 0.037037
0.938547 0.054482 0.458338 0.709113 0.009613 0.878853 0.878853 0.000000 0.545455 0.037037
0.939665 0.054482 0.458338 0.709113 0.009613 0.880814 0.880814 0.000000 0.545455 0.037037
0.940782 0.054482 0.458338 0.709113 0.009613 0.882776 0.882776 0.000000 0.545455 0.037037
0.941899 0.054482 0.458338 0.709113 0.009613 0.884737 0.884737 0.000000 0.545455 0.037037
0.943017 0.054482 0.458338 0.709113 0.009613 0.886699 0.886699 0.000000 0.545455 0.037037
0.944134 0.054482 0.458338 0.709113 0.009613 0.888660 0.888660 0.000000 0.545455 0.037037
0.946369 0.054482 0.458338 0.709113 0.009613 0.892583 0.892583 0.000000 0.545455 0.037037
0.965363 0.054482 0.458338 0.709113 0.009613 0.926051 0.926051 0.000000 0.545455 0.412037
0.082942 0.066690 0.066690 0.627908 0.627908 0.105310 0.992690 0.000000 0.636364 0.037037
0.084507 0.066305 0.066305 0.626597 0.626597 0.105310 0.992690 0.000000 0.636364 0.037037
0.086072 0.065924 0.065924 0.625286 0.625286 0.105310 0.992690 0.000000 0.636364 0.037037
0.170579 0.051337 0.051337 0.553097 0.553097 0.105310 0.992690 0.000000 0.636364 0.666667
0.172144 0.051178 0.051178 0.551741 0.551741 0.105310 0.992690 0.000000 0.636364 0.685185
0.173709 0.051024 0.051024 0.550385 0.550385 0.105310 0.992690 0.000000 0.636364 0.685185
0.175274 0.050874 0.050874 0.549027 0.549027 0.105310 0.992690 0.000000 0.636364 0.719907
0.176839 0.050727 0.050727 0.547670 0.547670 0.105310 0.992690 0.000000 0.636364 0.678241
0.241002 0.048280 0.048280 0.491779 0.491779 0.105310 0.992690 0.000000 0.636364 0.037037
0.589984 0.152168 0.152168 0.211676 0.211676 0.105310 0.992690 0.000000 0.636364 0.740741
0.668232 0.199533 0.199533 0.162602 0.162602 0.105310 0.992690 0.000000 0.636364 0.981481
0.669797 0.200554 0.200554 0.161695 0.161695 0.105310 0.992690 0.000000 0.636364 0.861111
0.915493 0.388193 0.388193 0.062259 0.062259 0.105310 0.992690 0.000000 0.636364 0.055556
0.924883 0.396148 0.396148 0.060304 0.060304 0.105310 0.992690 0.000000 0.636364 0.055556
0.926448 0.397477 0.397477 0.059992 0.059992 0.105310 0.992690 0.000000 0.636364 0.055556
0.226917 0.006576 0.006576 0.506015 0.506015 0.055500 1.057738 0.000000 0.727273 0.018519
0.751174 0.236375 0.236375 0.082860 0.082860 0.055500 1.057738 0.000000 0.727273 0.787037
0.752739 0.237645 0.237645 0.082060 0.082060 0.055500 1.057738 0.000000 0.727273 0.807870
0.879499 0.347547 0.347547 0.030679 0.030679 0.055500 1.057738 0.000000 0.727273 0.675926
0.881064 0.348976 0.348976 0.030217 0.030217 0.055500 1.057738 0.000000 0.727273 0.694444
0.882629 0.350406 0.350406 0.029760 0.029760 0.055500 1.057738 0.000000 0.727273 0.696759
0.921753 0.386577 0.386577 0.019751 0.019751 0.055500 1.057738 0.000000 0.727273 0.018519
0.923318 0.388039 0.388039 0.019408 0.019408 0.055500 1.057738 0.000000 0.727273 0.018519
0.924883 0.389502 0.389502 0.019070 0.019070 0.055500 1.057738 0.000000 0.727273 0.018519
0.926448 0.390966 0.390966 0.018736 0.018736 0.055500 1.057738 0.000000 0.727273 0.018519
0.928012 0.392431 0.392431 0.018406 0.018406 0.055500 1.057738 0.000000 0.727273 0.018519
0.929577 0.393897 0.393897 0.018081 0.018081 0.055500 1.057738 0.000000 0.727273 0.018519
0.932707 0.396832 0.396832 0.017444 0.017444 0.055500 1.057738 0.000000 0.727273 0.018519
0.934272 0.398301 0.398301 0.017132 0.017132 0.055500 1.057738 0.000000 0.727273 0.018519
0.482893 0.124523 0.472901 0.685491 0.082082 0.446739 0.446739 0.000000 0.818182 0.037037
0.483871 0.124523 0.472901 0.685491 0.082082 0.447478 0.447478 0.000000 0.818182 0.037037
0.992180 0.124523 0.472901 0.685491 0.082082 0.951533 0.951533 0.000000 0.818182 0.074074
0.994135 0.124523 0.472901 0.685491 0.082082 0.954880 0.954880 0.000000 0.818182 0.074074
0.495437 0.106157 0.106157 0.279424 0.279424 0.005217 0.972283 0.000000 0.909091 0.074074
0.827901 0.321766 0.321766 0.085273 0.085273 0.005217 0.972283 0.000000 0.909091 0.018519
0.829205 0.322831 0.322831 0.084817 0.084817 0.005217 0.972283 0.000000 0.909091 0.171296
0.830508 0.323897 0.323897 0.084363 0.084363 0.005217 0.972283 0.000000 0.909091 0.018519
0.234579 0.067954 0.472931 0.718185 0.016744 0.235554 0.235554 0.000000 1.000000 0.055556
0.235447 0.067954 0.472931 0.718185 0.016744 0.236272 0.236272 0.000000 1.000000 0.055556
0.492615 0.067954 0.472931 0.718185 0.016744 0.448620 0.448620 0.000000 1.000000 0.074074
0.606429 0.067954 0.472931 0.718185 0.016744 0.542598 0.542598 0.000000 1.000000 0.962963
0.607298 0.067954 0.472931 0.718185 0.016744 0.543315 0.543315 0.000000 1.000000 0.962963
0.608167 0.067954 0.472931 0.718185 0.016744 0.544033 0.544033 0.000000 1.000000 0.962963
0.609036 0.067954 0.472931 0.718185 0.016744 0.544750 0.544750 0.000000 1.000000 0.962963
0.609904 0.067954 0.472931 0.718185 0.016744 0.545467 0.545467 0.000000 1.000000 0.962963
0.610773 0.067954 0.472931 0.718185 0.016744 0.546185 0.546185 0.000000 1.000000 0.962963
0.611642 0.067954 0.472931 0.718185 0.016744 0.546902 0.546902 0.000000 1.000000 0.962963
0.612511 0.067954 0.472931 0.718185 0.016744 0.547620 0.547620 0.000000 1.000000 0.962963
0.613380 0.067954 0.472931 0.718185 0.016744 0.548337 0.548337 0.000000 1.000000 0.962963
0.614248 0.067954 0.472931 0.718185 0.016744 0.549054 0.549054 0.000000 1.000000 0.962963
0.615117 0.067954 0.472931 0.718185 0.016744 0.549772 0.549772 0.000000 1.000000 0.962963
0.615986 0.067954 0.472931 0.718185 0.016744 0.550489 0.550489 0.000000 1.000000 0.962963
0.616855 0.067954 0.472931 0.718185 0.016744 0.551207 0.551207 0.000000 1.000000 0.962963
0.617724 0.067954 0.472931 0.718185 0.016744 0.551924 0.551924 0.000000 1.000000 0.962963
0.618593 0.067954 0.472931 0.718185 0.016744 0.552641 0.552641 0.000000 1.000000 0.962963
0.619461 0.067954 0.472931 0.718185 0.016744 0.553359 0.553359 0.000000 1.000000 0.962963
0.620330 0.067954 0.472931 0.718185 0.016744 0.554076 0.554076 0.000000 1.000000 0.962963
0.621199 0.067954 0.472931 0.718185 0.016744 0.554793 0.554793 0.000000 1.000000 0.962963
0.622068 0.067954 0.472931 0.718185 0.016744 0.555511 0.555511 0.000000 1.000000 0.962963
0.622937 0.067954 0.472931 0.718185 0.016744 0.556228 0.556228 0.000000 1.000000 0.962963
0.623805 0.067954 0.472931 0.718185 0.016744 0.556946 0.556946 0.000000 1.000000 0.962963
0.000000 0.000000 0.000000 0.000000 0.000000 0.000000 0.000000 0.000000 0.000000 0.000000
0.000000 0.000000 0.000000 0.000000 0.000000 0.000000 0.000000 0.000000 0.000000 0.000000
0.000000 0.000000 0.000000 0.000000 0.000000 0.000000 0.000000 0.000000 0.000000 0.000000
0.000000 0.000000 0.000000 0.000000 0.000000 0.000000 0.000000 0.000000 0.000000 0.000000
0.000000 0.000000 0.000000 0.000000 0.000000 0.000000 0.000000 0.000000 0.000000 0.000000
0.000000 0.000000 0.000000 0.000000 0.000000 0.000000 0.000000 0.000000 0.000000 0.000000
0.000000 0.000000 0.000000 0.000000 0.000000 0.000000 0.000000 0.000000 0.000000 0.000000
0.000000 0.000000 0.000000 0.000000 0.000000 0.000000 0.000000 0.000000 0.000000 0.000000
0.000000 0.000000 0.000000 0.000000 0.000000 0.000000 0.000000 0.000000 0.000000 0.000000
0.000000 0.000000 0.000000 0.000000 0.000000 0.000000 0.000000 0.000000 0.000000 0.000000
0.000000 0.000000 0.000000 0.000000 0.000000 0.000000 0.000000 0.000000 0.000000 0.000000
0.000000 0.000000 0.000000 0.000000 0.000000 0.000000 0.000000 0.000000 0.000000 0.000000
0.000000 0.000000 0.000000 0.000000 0.000000 0.000000 0.000000 0.000000 0.000000 0.000000
0.000000 0.000000 0.000000 0.000000 0.000000 0.000000 0.000000 0.000000 0.000000 0.000000
0.000000 0.000000 0.000000 0.000000 0.000000 0.000000 0.000000 0.000000 0.000000 0.000000
0.000000 0.000000 0.000000 0.000000 0.000000 0.000000 0.000000 0.000000 0.000000 0.000000
0.000000 0.000000 0.000000 0.000000 0.000000 0.000000 0.000000 0.000000 0.000000 0.000000
0.000000 0.000000 0.000000 0.000000 0.000000 0.000000 0.000000 0.000000 0.000000 0.000000
0.000000 0.000000 0.000000 0.000000 0.000000 0.000000 0.000000 0.000000 0.000000 0.000000
0.000000 0.000000 0.000000 0.000000 0.000000 0.000000 0.000000 0.000000 0.000000 0.000000
0.000000 0.000000 0.000000 0.000000 0.000000 0.000000 0.000000 0.000000 0.000000 0.000000
0.000000 0.000000 0.000000 0.000000 0.000000 0.000000 0.000000 0.000000 0.000000 0.000000
0.000000 0.000000 0.000000 0.000000 0.000000 0.000000 0.000000 0.000000 0.000000 0.000000
0.000000 0.000000 0.000000 0.000000 0.000000 0.000000 0.000000 0.000000 0.000000 0.000000
0.000000 0.000000 0.000000 0.000000 0.000000 0.000000 0.000000 0.000000 0.000000 0.000000
0.000000 0.000000 0.000000 0.000000 0.000000 0.000000 0.000000 0.000000 0.000000 0.000000
0.000000 0.000000 0.000000 0.000000 0.000000 0.000000 0.000000 0.000000 0.000000 0.000000
0.000000 0.000000 0.000000 0.000000 0.000000 0.000000 0.000000 0.000000 0.000000 0.000000
0.000000 0.000000 0.000000 0.000000 0.000000 0.000000 0.000000 0.000000 0.000000 0.000000
0.000000 0.000000 0.000000 0.000000 0.000000 0.000000 0.000000 0.000000 0.000000 0.000000
0.000000 0.000000 0.000000 0.000000 0.000000 0.000000 0.000000 0.000000 0.000000 0.000000
0.000000 0.000000 0.000000 0.000000 0.000000 0.000000 0.000000 0.000000 0.000000 0.000000
0.000000 0.000000 0.000000 0.000000 0.000000 0.000000 0.000000 0.000000 0.000000 0.000000
0.000000 0.000000 0.000000 0.000000 0.000000 0.000000 0.000000 0.000000 0.000000 0.000000
0.000000 0.000000 0.000000 0.000000 0.000000 0.000000 0.000000 0.000000 0.000000 0.000000
0.000000 0.000000 0.000000 0.000000 0.000000 0.000000 0.000000 0.000000 0.000000 0.000000
0.000000 0.000000 0.000000 0.000000 0.000000 0.000000 0.000000 0.000000 0.000000 0.000000
0.000000 0.000000 0.000000 0.000000 0.000000 0.000000 0.000000 0.000000 0.000000 0.000000
0.000000 0.000000 0.000000 0.000000 0.000000 0.000000 0.000000 0.000000 0.000000 0.000000
0.000000 0.000000 0.000000 0.000000 0.000000 0.000000 0.000000 0.000000 0.000000 0.000000
0.000000 0.000000 0.000000 0.000000 0.000000 0.000000 0.000000 0.000000 0.000000 0.000000
0.000000 0.000000 0.000000 0.000000 0.000000 0.000000 0.000000 0.000000 0.000000 0.000000
0.000000 0.000000 0.000000 0.000000 0.000000 0.000000 0.000000 0.000000 0.000000 0.000000
0.000000 0.000000 0.000000 0.000000 0.000000 0.000000 0.000000 0.000000 0.000000 0.000000
0.000000 0.000000 0.000000 0.000000 0.000000 0.000000 0.000000 0.000000 0.000000 0.000000
0.000000 0.000000 0.000000 0.000000 0.000000 0.000000 0.000000 0.000000 0.000000 0.000000
0.000000 0.000000 0.000000 0.000000 0.000000 0.000000 0.000000 0.000000 0.000000 0.000000
0.000000 0.000000 0.000000 0.000000 0.000000 0.000000 0.000000 0.000000 0.000000 0.000000
0.000000 0.000000 0.000000 0.000000 0.000000 0.000000 0.000000 0.000000 0.000000 0.000000
0.000000 0.000000 0.000000 0.000000 0.000000 0.000000 0.000000 0.000000 0.000000 0.000000
0.000000 0.000000 0.000000 0.000000 0.000000 0.000000 0.000000 0.000000 0.000000 0.000000
0.000000 0.000000 0.000000 0.000000 0.000000 0.000000 0.000000 0.000000 0.000000 0.000000
0.000000 0.000000 0.000000 0.000000 0.000000 0.000000 0.000000 0.000000 0.000000 0.000000
0.000000 0.000000 0.000000 0.000000 0.000000 0.000000 0.000000 0.000000 0.000000 0.000000
0.000000 0.000000 0.000000 0.000000 0.000000 0.000000 0.000000 0.000000 0.000000 0.000000
0.000000 0.000000 0.000000 0.000000 0.000000 0.000000 0.000000 0.000000 0.000000 0.000000
0.000000 0.000000 0.000000 0.000000 0.000000 0.000000 0.000000 0.000000 0.000000 0.000000
0.000000 0.000000 0.000000 0.000000 0.000000 0.000000 0.000000 0.000000 0.000000 0.000000
0.000000 0.000000 0.000000 0.000000 0.000000 0.000000 0.000000 0.000000 0.000000 0.000000
0.000000 0.000000 0.000000 0.000000 0.000000 0.000000 0.000000 0.000000 0.000000 0.000000
0.000000 0.000000 0.000000 0.000000 0.000000 0.000000 0.000000 0.000000 0.000000 0.000000
0.000000 0.000000 0.000000 0.000000 0.000000 0.000000 0.000000 0.000000 0.000000 0.000000
0.000000 0.000000 0.000000 0.000000 0.000000 0.000000 0.000000 0.000000 0.000000 0.000000
0.000000 0.000000 0.000000 0.000000 0.000000 0.000000 0.000000 0.000000 0.000000 0.000000
0.000000 0.000000 0.000000 0.000000 0.000000 0.000000 0.000000 0.000000 0.000000 0.000000
0.000000 0.000000 0.000000 0.000000 0.000000 0.000000 0.000000 0.000000 0.000000 0.000000
0.000000 0.000000 0.000000 0.000000 0.000000 0.000000 0.000000 0.000000 0.000000 0.000000
0.000000 0.000000 0.000000 0.000000 0.000000 0.000000 0.000000 0.000000 0.000000 0.000000
0.000000 0.000000 0.000000 0.000000 0.000000 0.000000 0.000000 0.000000 0.000000 0.000000
0.000000 0.000000 0.000000 0.000000 0.000000 0.000000 0.000000 0.000000 0.000000 0.000000
0.000000 0.000000 0.000000 0.000000 0.000000 0.000000 0.000000 0.000000 0.000000 0.000000
0.000000 0.000000 0.000000 0.000000 0.000000 0.000000 0.000000 0.000000 0.000000 0.000000
0.000000 0.000000 0.000000 0.000000 0.000000 0.000000 0.000000 0.000000 0.000000 0.000000
0.000000 0.000000 0.000000 0.000000 0.000000 0.000000 0.000000 0.000000 0.000000 0.000000
0.000000 0.000000 0.000000 0.000000 0.000000 0.000000 0.000000 0.000000 0.000000 0.000000
0.000000 0.000000 0.000000 0.000000 0.000000 0.000000 0.000000 0.000000 0.000000 0.000000
0.000000 0.000000 0.000000 0.000000 0.000000 0.000000 0.000000 0.000000 0.000000 0.000000
0.000000 0.000000 0.000000 0.000000 0.000000 0.000000 0.000000 0.000000 0.000000 0.000000
0.000000 0.000000 0.000000 0.000000 0.000000 0.000000 0.000000 0.000000 0.000000 0.000000
0.000000 0.000000 0.000000 0.000000 0.000000 0.000000 0.000000 0.000000 0.000000 0.000000
0.000000 0.000000 0.000000 0.000000 0.000000 0.000000 0.000000 0.000000 0.000000 0.000000
0.000000 0.000000 0.000000 0.000000 0.000000 0.000000 0.000000 0.000000 0.000000 0.000000
0.000000 0.000000 0.000000 0.000000 0.000000 0.000000 0.000000 0.000000 0.000000 0.000000
0.000000 0.000000 0.000000 0.000000 0.000000 0.000000 0.000000 0.000000 0.000000 0.000000
0.000000 0.000000 0.000000 0.000000 0.000000 0.000000 0.000000 0.000000 0.000000 0.000000
0.000000 0.000000 0.000000 0.000000 0.000000 0.000000 0.000000 0.000000 0.000000 0.000000
0.000000 0.000000 0.000000 0.000000 0.000000 0.000000 0.000000 0.000000 0.000000 0.000000
0.000000 0.000000 0.000000 0.000000 0.000000 0.000000 0.000000 0.000000 0.000000 0.000000
0.000000 0.000000 0.000000 0.000000 0.000000 0.000000 0.000000 0.000000 0.000000 0.000000
0.000000 0.000000 0.000000 0.000000 0.000000 0.000000 0.000000 0.000000 0.000000 0.000000
0.000000 0.000000 0.000000 0.000000 0.000000 0.000000 0.000000 0.000000 0.000000 0.000000
0.000000 0.000000 0.000000 0.000000 0.000000 0.000000 0.000000 0.000000 0.000000 0.000000
0.000000 0.000000 0.000000 0.000000 0.000000 0.000000 0.000000 0.000000 0.000000 0.000000
0.000000 0.000000 0.000000 0.000000 0.000000 0.000000 0.000000 0.000000 0.000000 0.000000
0.000000 0.000000 0.000000 0.000000 0.000000 0.000000 0.000000 0.000000 0.000000 0.000000
0.000000 0.000000 0.000000 0.000000 0.000000 0.000000 0.000000 0.000000 0.000000 0.000000
0.000000 0.000000 0.000000 0.000000 0.000000 0.000000 0.000000 0.000000 0.000000 0.000000
0.000000 0.000000 0.000000 0.000000 0.000000 0.000000 0.000000 0.000000 0.000000 0.000000
0.000000 0.000000 0.000000 0.000000 0.000000 0.000000 0.000000 0.000000 0.000000 0.000000
0.000000 0.000000 0.000000 0.000000 0.000000 0.000000 0.000000 0.000000 0.000000 0.000000
0.000000 0.000000 0.000000 0.000000 0.000000 0.000000 0.000000 0.000000 0.000000 0.000000
0.000000 0.000000 0.000000 0.000000 0.000000 0.000000 0.000000 0.000000 0.000000 0.000000
0.000000 0.000000 0.000000 0.000000 0.000000 0.000000 0.000000 0.000000 0.000000 0.000000
0.000000 0.000000 0.000000 0.000000 0.000000 0.000000 0.000000 0.000000 0.000000 0.000000
0.000000 0.000000 0.000000 0.000000 0.000000 0.000000 0.000000 0.000000 0.000000 0.000000
0.000000 0.000000 0.000000 0.000000 0.000000 0.000000 0.000000 0.000000 0.000000 0.000000
0.000000 0.000000 0.000000 0.000000 0.000000 0.000000 0.000000 0.000000 0.000000 0.000000
0.000000 0.000000 0.000000 0.000000 0.000000 0.000000 0.000000 0.000000 0.000000 0.000000
0.000000 0.000000 0.000000 0.000000 0.000000 0.000000 0.000000 0.000000 0.000000 0.000000
0.000000 0.000000 0.000000 0.000000 0.000000 0.000000 0.000000 0.000000 0.000000 0.000000
0.000000 0.000000 0.000000 0.000000 0.000000 0.000000 0.000000 0.000000 0.000000 0.000000
0.000000 0.000000 0.000000 0.000000 0.000000 0.000000 0.000000 0.000000 0.000000 0.000000
0.000000 0.000000 0.000000 0.000000 0.000000 0.000000 0.000000 0.000000 0.000000 0.000000
0.000000 0.000000 0.000000 0.000000 0.000000 0.000000 0.000000 0.000000 0.000000 0.000000
0.000000 0.000000 0.000000 0.000000 0.000000 0.000000 0.000000 0.000000 0.000000 0.000000
0.000000 0.000000 0.000000 0.000000 0.000000 0.000000 0.000000 0.000000 0.000000 0.000000
0.000000 0.000000 0.000000 0.000000 0.000000 0.000000 0.000000 0.000000 0.000000 0.000000
0.000000 0.000000 0.000000 0.000000 0.000000 0.000000 0.000000 0.000000 0.000000 0.000000
0.000000 0.000000 0.000000 0.000000 0.000000 0.000000 0.000000 0.000000 0.000000 0.000000
0.000000 0.000000 0.000000 0.000000 0.000000 0.000000 0.000000 0.000000 0.000000 0.000000
0.000000 0.000000 0.000000 0.000000 0.000000 0.000000 0.000000 0.000000 0.000000 0.000000
0.000000 0.000000 0.000000 0.000000 0.000000 0.000000 0.000000 0.000000 0.000000 0.000000
0.000000 0.000000 0.000000 0.000000 0.000000 0.000000 0.000000 0.000000 0.000000 0.000000
0.000000 0.000000 0.000000 0.000000 0.000000 0.000000 0.000000 0.000000 0.000000 0.000000
0.000000 0.000000 0.000000 0.000000 0.000000 0.000000 0.000000 0.000000 0.000000 0.000000
0.000000 0.000000 0.000000 0.000000 0.000000 0.000000 0.000000 0.000000 0.000000 0.000000
0.000000 0.000000 0.000000 0.000000 0.000000 0.000000 0.000000 0.000000 0.000000 0.000000
0.000000 0.000000 0.000000 0.000000 0.000000 0.000000 0.000000 0.000000 0.000000 0.000000
0.000000 0.000000 0.000000 0.000000 0.000000 0.000000 0.000000 0.000000 0.000000 0.000000
0.000000 0.000000 0.000000 0.000000 0.000000 0.000000 0.000000 0.000000 0.000000 0.000000
0.000000 0.000000 0.000000 0.000000 0.000000 0.000000 0.000000 0.000000 0.000000 0.000000
0.000000 0.000000 0.000000 0.000000 0.000000 0.000000 0.000000 0.000000 0.000000 0.000000
0.000000 0.000000 0.000000 0.000000 0.000000 0.000000 0.000000 0.000000 0.000000 0.000000
0.000000 0.000000 0.000000 0.000000 0.000000 0.000000 0.000000 0.000000 0.000000 0.000000
0.000000 0.000000 0.000000 0.000000 0.000000 0.000000 0.000000 0.000000 0.000000 0.000000
0.000000 0.000000 0.000000 0.000000 0.000000 0.000000 0.000000 0.000000 0.000000 0.000000
0.000000 0.000000 0.000000 0.000000 0.000000 0.000000 0.000000 0.000000 0.000000 0.000000
0.000000 0.000000 0.000000 0.000000 0.000000 0.000000 0.000000 0.000000 0.000000 0.000000
0.000000 0.000000 0.000000 0.000000 0.000000 0.000000 0.000000 0.000000 0.000000 0.000000
0.000000 0.000000 0.000000 0.000000 0.000000 0.000000 0.000000 0.000000 0.000000 0.000000
0.000000 0.000000 0.000000 0.000000 0.000000 0.000000 0.000000 0.000000 0.000000 0.000000
0.000000 0.000000 0.000000 0.000000 0.000000 0.000000 0.000000 0.000000 0.000000 0.000000
0.000000 0.000000 0.000000 0.000000 0.000000 0.000000 0.000000 0.000000 0.000000 0.000000
0.000000 0.000000 0.000000 0.000000 0.000000 0.000000 0.000000 0.000000 0.000000 0.000000
0.000000 0.000000 0.000000 0.000000 0.000000 0.000000 0.000000 0.000000 0.000000 0.000000
0.000000 0.000000 0.000000 0.000000 0.000000 0.000000 0.000000 0.000000 0.000000 0.000000
0.000000 0.000000 0.000000 0.000000 0.000000 0.000000 0.000000 0.000000 0.000000 0.000000
0.000000 0.000000 0.000000 0.000000 0.000000 0.000000 0.000000 0.000000 0.000000 0.000000
0.000000 0.000000 0.000000 0.000000 0.000000 0.000000 0.000000 0.000000 0.000000 0.000000
0.000000 0.000000 0.000000 0.000000 0.000000 0.000000 0.000000 0.000000 0.000000 0.000000
0.000000 0.000000 0.000000 0.000000 0.000000 0.000000 0.000000 0.000000 0.000000 0.000000
0.000000 0.000000 0.000000 0.000000 0.000000 0.000000 0.000000 0.000000 0.000000 0.000000
0.000000 0.000000 0.000000 0.000000 0.000000 0.000000 0.000000 0.000000 0.000000 0.000000
0.000000 0.000000 0.000000 0.000000 0.000000 0.000000 0.000000 0.000000 0.000000 0.000000
0.000000 0.000000 0.000000 0.000000 0.000000 0.000000 0.000000 0.000000 0.000000 0.000000
0.000000 0.000000 0.000000 0.000000 0.000000 0.000000 0.000000 0.000000 0.000000 0.000000
0.000000 0.000000 0.000000 0.000000 0.000000 0.000000 0.000000 0.000000 0.000000 0.000000
0.000000 0.000000 0.000000 0.000000 0.000000 0.000000 0.000000 0.000000 0.000000 0.000000
0.000000 0.000000 0.000000 0.000000 0.000000 0.000000 0.000000 0.000000 0.000000 0.000000
0.000000 0.000000 0.000000 0.000000 0.000000 0.000000 0.000000 0.000000 0.000000 0.000000
0.000000 0.000000 0.000000 0.000000 0.000000 0.000000 0.000000 0.000000 0.000000 0.000000
0.000000 0.000000 0.000000 0.000000 0.000000 0.000000 0.000000 0.000000 0.000000 0.000000
0.000000 0.000000 0.000000 0.000000 0.000000 0.000000 0.000000 0.000000 0.000000 0.000000
0.000000 0.000000 0.000000 0.000000 0.000000 0.000000 0.000000 0.000000 0.000000 0.000000
0.000000 0.000000 0.000000 0.000000 0.000000 0.000000 0.000000 0.000000 0.000000 0.000000
0.000000 0.000000 0.000000 0.000000 0.000000 0.000000 0.000000 0.000000 0.000000 0.000000
0.000000 0.000000 0.000000 0.000000 0.000000 0.000000 0.000000 0.000000 0.000000 0.000000
0.000000 0.000000 0.000000 0.000000 0.000000 0.000000 0.000000 0.000000 0.000000 0.000000
0.000000 0.000000 0.000000 0.000000 0.000000 0.000000 0.000000 0.000000 0.000000 0.000000
0.000000 0.000000 0.000000 0.000000 0.000000 0.000000 0.000000 0.000000 0.000000 0.000000
0.000000 0.000000 0.000000 0.000000 0.000000 0.000000 0.000000 0.000000 0.000000 0.000000
0.000000 0.000000 0.000000 0.000000 0.000000 0.000000 0.000000 0.000000 0.000000 0.000000
0.000000 0.000000 0.000000 0.000000 0.000000 0.000000 0.000000 0.000000 0.000000 0.000000
0.000000 0.000000 0.000000 0.000000 0.000000 0.000000 0.000000 0.000000 0.000000 0.000000
0.000000 0.000000 0.000000 0.000000 0.000000 0.000000 0.000000 0.000000 0.000000 0.000000
0.000000 0.000000 0.000000 0.000000 0.000000 0.000000 0.000000 0.000000 0.000000 0.000000
0.000000 0.000000 0.000000 0.000000 0.000000 0.000000 0.000000 0.000000 0.000000 0.000000
0.000000 0.000000 0.000000 0.000000 0.000000 0.000000 0.000000 0.000000 0.000000 0.000000
0.000000 0.000000 0.000000 0.000000 0.000000 0.000000 0.000000 0.000000 0.000000 0.000000
0.000000 0.000000 0.000000 0.000000 0.000000 0.000000 0.000000 0.000000 0.000000 0.000000
0.000000 0.000000 0.000000 0.000000 0.000000 0.000000 0.000000 0.000000 0.000000 0.000000
0.000000 0.000000 0.000000 0.000000 0.000000 0.000000 0.000000 0.000000 0.000000 0.000000
0.000000 0.000000 0.000000 0.000000 0.000000 0.000000 0.000000 0.000000 0.000000 0.000000
0.000000 0.000000 0.000000 0.000000 0.000000 0.000000 0.000000 0.000000 0.000000 0.000000
0.000000 0.000000 0.000000 0.000000 0.000000 0.000000 0.000000 0.000000 0.000000 0.000000
0.000000 0.000000 0.000000 0.000000 0.000000 0.000000 0.000000 0.000000 0.000000 0.000000
0.000000 0.000000 0.000000 0.000000 0.000000 0.000000 0.000000 0.000000 0.000000 0.000000
0.000000 0.000000 0.000000 0.000000 0.000000 0.000000 0.000000 0.000000 0.000000 0.000000
0.000000 0.000000 0.000000 0.000000 0.000000 0.000000 0.000000 0.000000 0.000000 0.000000
0.000000 0.000000 0.000000 0.000000 0.000000 0.000000 0.000000 0.000000 0.000000 0.000000
0.000000 0.000000 0.000000 0.000000 0.000000 0.000000 0.000000 0.000000 0.000000 0.000000
0.000000 0.000000 0.000000 0.000000 0.000000 0.000000 0.000000 0.000000 0.000000 0.000000
0.000000 0.000000 0.000000 0.000000 0.000000 0.000000 0.000000 0.000000 0.000000 0.000000
0.000000 0.000000 0.000000 0.000000 0.000000 0.000000 0.000000 0.000000 0.000000 0.000000
0.000000 0.000000 0.000000 0.000000 0.000000 0.000000 0.000000 0.000000 0.000000 0.000000
0.000000 0.000000 0.000000 0.000000 0.000000 0.000000 0.000000 0.000000 0.000000 0.000000
0.000000 0.000000 0.000000 0.000000 0.000000 0.000000 0.000000 0.000000 0.000000 0.000000
0.000000 0.000000 0.000000 0.000000 0.000000 0.000000 0.000000 0.000000 0.000000 0.000000
0.000000 0.000000 0.000000 0.000000 0.000000 0.000000 0.000000 0.000000 0.000000 0.000000
0.000000 0.000000 0.000000 0.000000 0.000000 0.000000 0.000000 0.000000 0.000000 0.000000
0.000000 0.000000 0.000000 0.000000 0.000000 0.000000 0.000000 0.000000 0.000000 0.000000
0.000000 0.000000 0.000000 0.000000 0.000000 0.000000 0.000000 0.000000 0.000000 0.000000
0.000000 0.000000 0.000000 0.000000 0.000000 0.000000 0.000000 0.000000 0.000000 0.000000
0.000000 0.000000 0.000000 0.000000 0.000000 0.000000 0.000000 0.000000 0.000000 0.000000
0.000000 0.000000 0.000000 0.000000 0.000000 0.000000 0.000000 0.000000 0.000000 0.000000
0.000000 0.000000 0.000000 0.000000 0.000000 0.000000 0.000000 0.000000 0.000000 0.000000
0.000000 0.000000 0.000000 0.000000 0.000000 0.000000 0.000000 0.000000 0.000000 0.000000
0.000000 0.000000 0.000000 0.000000 0.000000 0.000000 0.000000 0.000000 0.000000 0.000000
0.000000 0.000000 0.000000 0.000000 0.000000 0.000000 0.000000 0.000000 0.000000 0.000000
0.000000 0.000000 0.000000 0.000000 0.000000 0.000000 0.000000 0.000000 0.000000 0.000000
0.000000 0.000000 0.000000 0.000000 0.000000 0.000000 0.000000 0.000000 0.000000 0.000000
0.000000 0.000000 0.000000 0.000000 0.000000 0.000000 0.000000 0.000000 0.000000 0.000000
0.000000 0.000000 0.000000 0.000000 0.000000 0.000000 0.000000 0.000000 0.000000 0.000000
0.000000 0.000000 0.000000 0.000000 0.000000 0.000000 0.000000 0.000000 0.000000 0.000000
0.000000 0.000000 0.000000 0.000000 0.000000 0.000000 0.000000 0.000000 0.000000 0.000000
0.000000 0.000000 0.000000 0.000000 0.000000 0.000000 0.000000 0.000000 0.000000 0.000000
0.000000 0.000000 0.000000 0.000000 0.000000 0.000000 0.000000 0.000000 0.000000 0.000000
0.000000 0.000000 0.000000 0.000000 0.000000 0.000000 0.000000 0.000000 0.000000 0.000000
0.000000 0.000000 0.000000 0.000000 0.000000 0.000000 0.000000 0.000000 0.000000 0.000000
0.000000 0.000000 0.000000 0.000000 0.000000 0.000000 0.000000 0.000000 0.000000 0.000000
0.000000 0.000000 0.000000 0.000000 0.000000 0.000000 0.000000 0.000000 0.000000 0.000000
0.000000 0.000000 0.000000 0.000000 0.000000 0.000000 0.000000 0.000000 0.000000 0.000000
0.000000 0.000000 0.000000 0.000000 0.000000 0.000000 0.000000 0.000000 0.000000 0.000000
0.000000 0.000000 0.000000 0.000000 0.000000 0.000000 0.000000 0.000000 0.000000 0.000000
0.000000 0.000000 0.000000 0.000000 0.000000 0.000000 0.000000 0.000000 0.000000 0.000000
0.000000 0.000000 0.000000 0.000000 0.000000 0.000000 0.000000 0.000000 0.000000 0.000000
0.000000 0.000000 0.000000 0.000000 0.000000 0.000000 0.000000 0.000000 0.000000 0.000000
0.000000 0.000000 0.000000 0.000000 0.000000 0.000000 0.000000 0.000000 0.000000 0.000000
0.000000 0.000000 0.000000 0.000000 0.000000 0.000000 0.000000 0.000000 0.000000 0.000000
0.000000 0.000000 0.000000 0.000000 0.000000 0.000000 0.000000 0.000000 0.000000 0.000000
0.000000 0.000000 0.000000 0.000000 0.000000 0.000000 0.000000 0.000000 0.000000 0.000000
0.000000 0.000000 0.000000 0.000000 0.000000 0.000000 0.000000 0.000000 0.000000 0.000000
0.000000 0.000000 0.000000 0.000000 0.000000 0.000000 0.000000 0.000000 0.000000 0.000000
0.000000 0.000000 0.000000 0.000000 0.000000 0.000000 0.000000 0.000000 0.000000 0.000000
0.000000 0.000000 0.000000 0.000000 0.000000 0.000000 0.000000 0.000000 0.000000 0.000000
0.000000 0.000000 0.000000 0.000000 0.000000 0.000000 0.000000 0.000000 0.000000 0.000000
0.000000 0.000000 0.000000 0.000000 0.000000 0.000000 0.000000 0.000000 0.000000 0.000000
0.000000 0.000000 0.000000 0.000000 0.000000 0.000000 0.000000 0.000000 0.000000 0.000000
0.000000 0.000000 0.000000 0.000000 0.000000 0.000000 0.000000 0.000000 0.000000 0.000000
0.000000 0.000000 0.000000 0.000000 0.000000 0.000000 0.000000 0.000000 0.000000 0.000000
0.000000 0.000000 0.000000 0.000000 0.000000 0.000000 0.000000 0.000000 0.000000 0.000000
0.000000 0.000000 0.000000 0.000000 0.000000 0.000000 0.000000 0.000000 0.000000 0.000000
0.000000 0.000000 0.000000 0.000000 0.000000 0.000000 0.000000 0.000000 0.000000 0.000000
0.000000 0.000000 0.000000 0.000000 0.000000 0.000000 0.000000 0.000000 0.000000 0.000000
0.000000 0.000000 0.000000 0.000000 0.000000 0.000000 0.000000 0.000000 0.000000 0.000000
0.000000 0.000000 0.000000 0.000000 0.000000 0.000000 0.000000 0.000000 0.000000 0.000000
0.000000 0.000000 0.000000 0.000000 0.000000 0.000000 0.000000 0.000000 0.000000 0.000000
0.000000 0.000000 0.000000 0.000000 0.000000 0.000000 0.000000 0.000000 0.000000 0.000000
0.000000 0.000000 0.000000 0.000000 0.000000 0.000000 0.000000 0.000000 0.000000 0.000000
0.000000 0.000000 0.000000 0.000000 0.000000 0.000000 0.000000 0.000000 0.000000 0.000000
0.000000 0.000000 0.000000 0.000000 0.000000 0.000000 0.000000 0.000000 0.000000 0.000000
0.000000 0.000000 0.000000 0.000000 0.000000 0.000000 0.000000 0.000000 0.000000 0.000000
0.000000 0.000000 0.000000 0.000000 0.000000 0.000000 0.000000 0.000000 0.000000 0.000000
0.000000 0.000000 0.000000 0.000000 0.000000 0.000000 0.000000 0.000000 0.000000 0.000000
0.000000 0.000000 0.000000 0.000000 0.000000 0.000000 0.000000 0.000000 0.000000 0.000000
0.000000 0.000000 0.000000 0.000000 0.000000 0.000000 0.000000 0.000000 0.000000 0.000000
0.000000 0.000000 0.000000 0.000000 0.000000 0.000000 0.000000 0.000000 0.000000 0.000000
0.000000 0.000000 0.000000 0.000000 0.000000 0.000000 0.000000 0.000000 0.000000 0.000000
0.000000 0.000000 0.000000 0.000000 0.000000 0.000000 0.000000 0.000000 0.000000 0.000000
0.000000 0.000000 0.000000 0.000000 0.000000 0.000000 0.000000 0.000000 0.000000 0.000000
0.000000 0.000000 0.000000 0.000000 0.000000 0.000000 0.000000 0.000000 0.000000 0.000000
0.000000 0.000000 0.000000 0.000000 0.000000 0.000000 0.000000 0.000000 0.000000 0.000000
0.000000 0.000000 0.000000 0.000000 0.000000 0.000000 0.000000 0.000000 0.000000 0.000000
0.000000 0.000000 0.000000 0.000000 0.000000 0.000000 0.000000 0.000000 0.000000 0.000000
0.000000 0.000000 0.000000 0.000000 0.000000 0.000000 0.000000 0.000000 0.000000 0.000000
0.000000 0.000000 0.000000 0.000000 0.000000 0.000000 0.000000 0.000000 0.000000 0.000000
0.000000 0.000000 0.000000 0.000000 0.000000 0.000000 0.000000 0.000000 0.000000 0.000000
0.000000 0.000000 0.000000 0.000000 0.000000 0.000000 0.000000 0.000000 0.000000 0.000000
0.000000 0.000000 0.000000 0.000000 0.000000 0.000000 0.000000 0.000000 0.000000 0.000000
0.000000 0.000000 0.000000 0.000000 0.000000 0.000000 0.000000 0.000000 0.000000 0.000000
0.000000 0.000000 0.000000 0.000000 0.000000 0.000000 0.000000 0.000000 0.000000 0.000000
0.000000 0.000000 0.000000 0.000000 0.000000 0.000000 0.000000 0.000000 0.000000 0.000000
0.000000 0.000000 0.000000 0.000000 0.000000 0.000000 0.000000 0.000000 0.000000 0.000000
0.000000 0.000000 0.000000 0.000000 0.000000 0.000000 0.000000 0.000000 0.000000 0.000000
0.000000 0.000000 0.000000 0.000000 0.000000 0.000000 0.000000 0.000000 0.000000 0.000000
0.000000 0.000000 0.000000 0.000000 0.000000 0.000000 0.000000 0.000000 0.000000 0.000000
0.000000 0.000000 0.000000 0.000000 0.000000 0.000000 0.000000 0.000000 0.000000 0.000000
0.000000 0.000000 0.000000 0.000000 0.000000 0.000000 0.000000 0.000000 0.000000 0.000000
0.000000 0.000000 0.000000 0.000000 0.000000 0.000000 0.000000 0.000000 0.000000 0.000000
0.000000 0.000000 0.000000 0.000000 0.000000 0.000000 0.000000 0.000000 0.000000 0.000000
0.000000 0.000000 0.000000 0.000000 0.000000 0.000000 0.000000 0.000000 0.000000 0.000000
0.000000 0.000000 0.000000 0.000000 0.000000 0.000000 0.000000 0.000000 0.000000 0.000000
0.000000 0.000000 0.000000 0.000000 0.000000 0.000000 0.000000 0.000000 0.000000 0.000000
0.000000 0.000000 0.000000 0.000000 0.000000 0.000000 0.000000 0.000000 0.000000 0.000000
0.000000 0.000000 0.000000 0.000000 0.000000 0.000000 0.000000 0.000000 0.000000 0.000000
0.000000 0.000000 0.000000 0.000000 0.000000 0.000000 0.000000 0.000000 0.000000 0.000000
0.000000 0.000000 0.000000 0.000000 0.000000 0.000000 0.000000 0.000000 0.000000 0.000000

y:
0
0
0
0
0
0
0
0
0
0
0
0
0
0
0
0
0
0
0
0
0
0
0
0
0
0
0
0
0
0
0
0
0
0
0
0
0
0
0
0
0
0
0
0
0
0
0
0
0
0
0
0
0
0
0
0
0
0
0
0
0
0
0
0
0
0
0
0
0
0
0
0
0
0
0
0
0
0
0
0
0
0
0
0
0
0
0
0
0
0
0
0
0
0
0
0
0
0
0
0
0
0
0
0
0
0
0
0
0
0
0
0
0
0
0
0
0
0
0
0
0
0
0
0
0
0
0
0
0
0
0
0
0
0
0
0
0
0
0
0
0
0
0
0
0
0
0
0
0
0
0
0
0
0
0
0
0
0
0
0
0
0
0
0
0
0
0
0
0
0
0
0
0
0
0
0
0
0
0
0
0
0
0
0
0
0
0
0
0
0
0
0
0
0
0
0
0
0
0
0
0
0
0
0
0
0
0
0
0
0
0
0
0
0
0
0
0
0
0
0
0
0
0
0
0
0
0
0
0
0
0
0
0
0
0
0
0
0
0
0
0
0
0
0
0
0
0
0
0
0
0
0
0
0
0
0
0
0
0
0
0
0
0
0
0
0
0
0
0
0
0
0
0
0
0
0
0
0
0
0
0
0
0
0
0
0
0
0
0
0
0
0
0
0
0
0
0
0
0
0
0
0
0
0
0
0
0
0
0
0
0
0
0
0
0
0
0
0
0
0
0
0
0
0
0
0
0
0
0
0
0
0
0
0
0
0
0
0
0
0
0
0
0
0
0
0
0
0
0
0
0
0
0
0
0
0
0
0
0
0
0
0
0
0
0
0
0
0
0
0
0
0
0
0
0
0
0
0
0
0
0
0
0
0
0
0
0
0
0
0
0
0
0
0
0
0
0
0
0
0
0
0
0
0
0
0
0
0
0
0
0
0
0
0
0
0
0
0
0
0
0
0
0
0
0
0
0
0
0
0
0
0
0
0
0
0
0
0
0
0
0
0
0
0
0
0
0
0
0
0

mask:
1.0
1.0
1.0
1.0
1.0
1.0
1.0
1.0
1.0
1.0
1.0
1.0
1.0
1.0
1.0
1.0
1.0
1.0
1.0
1.0
1.0
1.0
1.0
1.0
1.0
1.0
1.0
1.0
1.0
1.0
1.0
1.0
1.0
1.0
1.0
1.0
1.0
1.0
1.0
1.0
1.0
1.0
1.0
1.0
1.0
1.0
1.0
1.0
1.0
1.0
1.0
1.0
1.0
1.0
1.0
1.0
1.0
1.0
1.0
1.0
1.0
1.0
1.0
1.0
1.0
1.0
1.0
1.0
1.0
1.0
1.0
1.0
1.0
1.0
1.0
1.0
1.0
1.0
1.0
1.0
1.0
1.0
1.0
1.0
1.0
1.0
1.0
1.0
1.0
1.0
1.0
1.0
1.0
1.0
1.0
1.0
1.0
1.0
1.0
1.0
1.0
1.0
1.0
1.0
1.0
1.0
1.0
1.0
1.0
1.0
1.0
1.0
1.0
1.0
1.0
1.0
1.0
1.0
1.0
1.0
1.0
1.0
1.0
1.0
1.0
1.0
1.0
1.0
1.0
1.0
1.0
1.0
1.0
1.0
1.0
1.0
1.0
1.0
1.0
1.0
1.0
1.0
1.0
1.0
1.0
1.0
1.0
1.0
1.0
1.0
1.0
1.0
1.0
1.0
1.0
1.0
1.0
1.0
1.0
1.0
1.0
1.0
1.0
0.0
0.0
0.0
0.0
0.0
0.0
0.0
0.0
0.0
0.0
0.0
0.0
0.0
0.0
0.0
0.0
0.0
0.0
0.0
0.0
0.0
0.0
0.0
0.0
0.0
0.0
0.0
0.0
0.0
0.0
0.0
0.0
0.0
0.0
0.0
0.0
0.0
0.0
0.0
0.0
0.0
0.0
0.0
0.0
0.0
0.0
0.0
0.0
0.0
0.0
0.0
0.0
0.0
0.0
0.0
0.0
0.0
0.0
0.0
0.0
0.0
0.0
0.0
0.0
0.0
0.0
0.0
0.0
0.0
0.0
0.0
0.0
0.0
0.0
0.0
0.0
0.0
0.0
0.0
0.0
0.0
0.0
0.0
0.0
0.0
0.0
0.0
0.0
0.0
0.0
0.0
0.0
0.0
0.0
0.0
0.0
0.0
0.0
0.0
0.0
0.0
0.0
0.0
0.0
0.0
0.0
0.0
0.0
0.0
0.0
0.0
0.0
0.0
0.0
0.0
0.0
0.0
0.0
0.0
0.0
0.0
0.0
0.0
0.0
0.0
0.0
0.0
0.0
0.0
0.0
0.0
0.0
0.0
0.0
0.0
0.0
0.0
0.0
0.0
0.0
0.0
0.0
0.0
0.0
0.0
0.0
0.0
0.0
0.0
0.0
0.0
0.0
0.0
0.0
0.0
0.0
0.0
0.0
0.0
0.0
0.0
0.0
0.0
0.0
0.0
0.0
0.0
0.0
0.0
0.0
0.0
0.0
0.0
0.0
0.0
0.0
0.0
0.0
0.0
0.0
0.0
0.0
0.0
0.0
0.0
0.0
0.0
0.0
0.0
0.0
0.0
0.0
0.0
0.0
0.0
0.0
0.0
0.0
0.0
0.0
0.0
0.0
0.0
0.0
0.0
0.0
0.0
0.0
0.0
0.0
0.0
0.0
0.0
0.0
0.0
0.0
0.0
0.0
0.0
0.0
0.0
0.0
0.0
0.0
0.0
0.0
0.0
0.0
0.0
0.0
0.0
0.0
0.0
0.0
0.0
0.0
0.0
0.0
0.0
0.0
0.0
0.0
0.0
0.0
0.0
0.0
0.0
0.0
0.0
0.0
0.0
0.0
0.0
0.0
0.0
0.0
0.0
0.0
0.0
0.0
0.0
0.0
0.0
0.0
0.0
0.0
0.0
0.0
0.0
0.0
0.0
0.0
0.0
0.0
0.0
0.0
0.0
0.0
0.0
0.0
0.0
0.0
0.0
0.0
0.0
0.0
0.0

probs:
0.000488
0.000022
0.000545
0.258625
0.000036
0.000028
0.182563
0.000370
0.163230
0.007544
0.004883
0.006258
0.002417
0.001496
0.000089
0.519248
0.571327
0.590585
0.000537
0.665861
0.001298
0.000015
0.134947
0.001158
0.001553
0.000433
0.000161
0.000181
0.000277
0.000280
0.004206
0.010330
0.000001
0.144677
0.002834
0.002300
0.000028
0.000040
0.000068
0.000058
0.000105
0.000257
0.001186
0.000031
0.000059
0.000008
0.000010
0.000053
0.001040
0.000004
0.000033
0.000029
0.000039
0.000001
0.000188
0.001097
0.000981
0.000137
0.000030
0.000023
0.000018
0.000023
0.007336
0.000045
0.000021
0.000022
0.000020
0.000037
0.000051
0.000165
0.005012
0.001317
0.000414
0.000021
0.000027
0.000011
0.000011
0.000036
0.000029
0.000023
0.000025
0.000022
0.000036
0.000029
0.000021
0.000001
0.062690
0.092011
0.037481
0.027446
0.024339
0.000001
0.000001
0.000001
0.000001
0.000001
0.000001
0.000001
0.000001
0.000001
0.000001
0.036376
0.000016
0.000015
0.000011
0.000054
0.000057
0.000039
0.000020
0.000385
0.000001
0.000039
0.000000
0.000001
0.000211
0.000225
0.000164
0.000003
0.000001
0.000001
0.000050
0.000051
0.000048
0.000144
0.000056
0.000071
0.000075
0.000035
0.000050
0.000048
0.000054
0.000013
0.000013
0.000001
0.000002
0.000005
0.000001
0.000019
0.000001
0.000007
0.000008
0.000022
0.000000
0.000000
0.000000
0.000000
0.000000
0.000000
0.000000
0.000000
0.000000
0.000000
0.000001
0.000001
0.000001
0.000000
0.000000
0.000001
0.000001
0.000000
0.000001
0.000000
0.000000
0.500000
0.500000
0.500000
0.500000
0.500000
0.500000
0.500000
0.500000
0.500000
0.500000
0.500000
0.500000
0.500000
0.500000
0.500000
0.500000
0.500000
0.500000
0.500000
0.500000
0.500000
0.500000
0.500000
0.500000
0.500000
0.500000
0.500000
0.500000
0.500000
0.500000
0.500000
0.500000
0.500000
0.500000
0.500000
0.500000
0.500000
0.500000
0.500000
0.500000
0.500000
0.500000
0.500000
0.500000
0.500000
0.500000
0.500000
0.500000
0.500000
0.500000
0.500000
0.500000
0.500000
0.500000
0.500000
0.500000
0.500000
0.500000
0.500000
0.500000
0.500000
0.500000
0.500000
0.500000
0.500000
0.500000
0.500000
0.500000
0.500000
0.500000
0.500000
0.500000
0.500000
0.500000
0.500000
0.500000
0.500000
0.500000
0.500000
0.500000
0.500000
0.500000
0.500000
0.500000
0.500000
0.500000
0.500000
0.500000
0.500000
0.500000
0.500000
0.500000
0.500000
0.500000
0.500000
0.500000
0.500000
0.500000
0.500000
0.500000
0.500000
0.500000
0.500000
0.500000
0.500000
0.500000
0.500000
0.500000
0.500000
0.500000
0.500000
0.500000
0.500000
0.500000
0.500000
0.500000
0.500000
0.500000
0.500000
0.500000
0.500000
0.500000
0.500000
0.500000
0.500000
0.500000
0.500000
0.500000
0.500000
0.500000
0.500000
0.500000
0.500000
0.500000
0.500000
0.500000
0.500000
0.500000
0.500000
0.500000
0.500000
0.500000
0.500000
0.500000
0.500000
0.500000
0.500000
0.500000
0.500000
0.500000
0.500000
0.500000
0.500000
0.500000
0.500000
0.500000
0.500000
0.500000
0.500000
0.500000
0.500000
0.500000
0.500000
0.500000
0.500000
0.500000
0.500000
0.500000
0.500000
0.500000
0.500000
0.500000
0.500000
0.500000
0.500000
0.500000
0.500000
0.500000
0.500000
0.500000
0.500000
0.500000
0.500000
0.500000
0.500000
0.500000
0.500000
0.500000
0.500000
0.500000
0.500000
0.500000
0.500000
0.500000
0.500000
0.500000
0.500000
0.500000
0.500000
0.500000
0.500000
0.500000
0.500000
0.500000
0.500000
0.500000
0.500000
0.500000
0.500000
0.500000
0.500000
0.500000
0.500000
0.500000
0.500000
0.500000
0.500000
0.500000
0.500000
0.500000
0.500000
0.500000
0.500000
0.500000
0.500000
0.500000
0.500000
0.500000
0.500000
0.500000
0.500000
0.500000
0.500000
0.500000
0.500000
0.500000
0.500000
0.500000
0.500000
0.500000
0.500000
0.500000
0.500000
0.500000
0.500000
0.500000
0.500000
0.500000
0.500000
0.500000
0.500000
0.500000
0.500000
0.500000
0.500000
0.500000
0.500000
0.500000
0.500000
0.500000
0.500000
0.500000
0.500000
0.500000
0.500000
0.500000
0.500000
0.500000
0.500000
0.500000
0.500000
0.500000
0.500000
0.500000
0.500000
0.500000
0.500000
0.500000
0.500000
0.500000
0.500000
0.500000
0.500000
0.500000
0.500000
0.500000
0.500000
